1148.600 4.23193e-10
1149.800 1.07481e-09
1151.000 6.92478e-10
1152.200 1.52763e-10
1153.400 2.09685e-10
1156.900 3.10379e-10
1158.100 3.62493e-10
1159.300 1.94709e-10
1160.400 1.05953e-10
1161.600 2.04296e-10
1162.800 2.40342e-10
1164.000 1.17629e-10
1165.200 4.00893e-11
1169.900 3.84672e-11
1171.100 6.13214e-11
1172.200 1.50417e-11
1173.400 6.28141e-11
1174.600 1.04053e-10
1175.800 5.16501e-11
1185.200 1.89873e-11
1198.200 1.11831e-11
1199.400 2.16525e-11
1201.700 1.89839e-11
1202.900 2.84292e-11
1204.100 5.27678e-11
1205.300 1.92882e-11
1206.500 1.98979e-12
1207.600 1.06677e-10
1208.800 1.9523e-10
1210.000 2.25087e-10
1211.200 2.26385e-10
1212.400 2.77569e-10
1213.500 3.42197e-10
1214.700 3.13001e-10
1215.900 3.13659e-10
1217.100 3.03745e-10
1218.300 1.70891e-10
1219.400 1.1994e-10
1220.600 1.28536e-10
1221.800 1.04904e-10
1223.000 4.89788e-11
1224.200 5.45008e-11
1225.300 1.16345e-10
1226.500 7.99592e-11
1227.700 4.83117e-12
1228.900 2.39929e-11
1230.000 2.66099e-11
1231.200 3.49508e-11
1232.400 6.01984e-11
1233.600 4.98587e-11
1234.800 5.22998e-11
1235.900 3.33686e-11
1237.100 2.9329e-11
1238.300 7.80871e-11
1239.500 1.05933e-10
1240.700 7.78493e-11
1241.800 1.21924e-10
1243.000 1.49932e-10
1244.200 7.58398e-11
1245.400 5.19665e-11
1246.600 6.98088e-11
1247.700 8.57577e-11
1248.900 1.05717e-10
1250.100 1.62776e-10
1251.300 1.95151e-10
1252.500 2.11148e-10
1253.600 2.36657e-10
1254.800 2.56066e-10
1256.000 2.85775e-10
1257.200 2.86342e-10
1258.400 2.92537e-10
1259.500 2.81221e-10
1260.700 3.18607e-10
1261.900 5.13522e-10
1263.100 5.5102e-10
1264.300 5.12646e-10
1265.400 6.06037e-10
1266.600 7.05252e-10
1267.800 9.64921e-10
1269.000 1.14566e-09
1270.200 1.12903e-09
1271.300 1.18044e-09
1272.500 1.13263e-09
1273.700 1.02456e-09
1274.900 9.85512e-10
1276.100 1.06504e-09
1277.200 1.2495e-09
1278.400 1.44461e-09
1279.600 1.68342e-09
1280.800 1.95529e-09
1282.000 2.14369e-09
1283.100 2.25449e-09
1284.300 2.18767e-09
1285.500 2.01898e-09
1286.700 1.97088e-09
1287.900 1.97058e-09
1289.000 2.16294e-09
1290.200 2.37619e-09
1291.400 2.55191e-09
1292.600 2.73489e-09
1293.800 2.81985e-09
1294.900 2.87761e-09
1296.100 2.85965e-09
1297.300 2.78805e-09
1298.500 2.64501e-09
1299.700 2.44791e-09
1300.800 2.05712e-09
1302.000 1.84344e-09
1303.200 1.85536e-09
1304.400 1.89196e-09
1305.600 1.88733e-09
1306.700 1.96243e-09
1307.900 2.01723e-09
1309.100 2.01686e-09
1310.300 2.23136e-09
1311.500 2.60014e-09
1312.600 3.03614e-09
1313.800 3.45482e-09
1315.000 3.75334e-09
1316.200 3.85443e-09
1317.300 3.92149e-09
1318.500 4.05526e-09
1319.700 4.15948e-09
1320.900 4.15681e-09
1322.100 4.05781e-09
1323.200 4.0566e-09
1324.400 3.89785e-09
1325.600 3.89602e-09
1326.800 3.92253e-09
1328.000 3.91984e-09
1329.100 3.84974e-09
1330.300 3.95868e-09
1331.500 3.65106e-09
1332.700 3.32206e-09
1333.900 3.19505e-09
1335.000 3.48214e-09
1336.200 3.88126e-09
1337.400 4.56485e-09
1338.600 4.95803e-09
1339.800 5.13441e-09
1340.900 5.1952e-09
1342.100 5.17746e-09
1343.300 5.33758e-09
1344.500 5.16355e-09
1345.700 5.17783e-09
1346.800 5.12174e-09
1348.000 5.0766e-09
1349.200 4.9666e-09
1350.400 4.72448e-09
1351.600 4.54536e-09
1352.700 4.32299e-09
1353.900 4.29588e-09
1355.100 4.18234e-09
1356.300 4.24232e-09
1357.500 4.36793e-09
1358.600 4.69637e-09
1359.800 4.74785e-09
1361.000 4.6275e-09
1362.200 4.74269e-09
1363.400 4.68674e-09
1364.500 4.62242e-09
1365.700 4.72725e-09
1366.900 4.74138e-09
1368.100 4.67723e-09
1369.300 4.75125e-09
1370.400 4.86562e-09
1371.600 4.8915e-09
1372.800 5.02626e-09
1374.000 5.23798e-09
1375.200 5.31176e-09
1376.300 5.19759e-09
1377.500 5.11397e-09
1378.700 5.20592e-09
1379.900 4.99668e-09
1381.100 4.93375e-09
1382.200 5.27233e-09
1383.400 5.2748e-09
1384.600 5.13059e-09
1385.800 5.10077e-09
1387.000 5.13316e-09
1388.100 5.28123e-09
1389.300 5.25751e-09
1390.500 5.26871e-09
1391.700 5.19276e-09
1392.900 5.09882e-09
1394.000 5.03055e-09
1395.200 5.0407e-09
1396.400 4.95344e-09
1397.600 4.84368e-09
1398.800 4.98248e-09
1399.900 5.25713e-09
1401.100 5.30842e-09
1402.300 5.31628e-09
1403.500 5.34495e-09
1404.700 5.47883e-09
1405.800 5.77449e-09
1407.000 5.74484e-09
1408.200 5.51593e-09
1409.400 5.41331e-09
1410.500 5.44033e-09
1411.700 5.54175e-09
1412.900 5.78087e-09
1414.100 5.84728e-09
1415.300 5.76984e-09
1416.400 6.04484e-09
1417.600 6.00684e-09
1418.800 5.99743e-09
1420.000 6.01662e-09
1421.200 5.97762e-09
1422.300 6.00182e-09
1423.500 6.10226e-09
1424.700 6.16561e-09
1425.900 6.17412e-09
1427.100 6.19336e-09
1428.200 5.94728e-09
1429.400 5.67979e-09
1430.600 5.51758e-09
1431.800 5.29657e-09
1433.000 5.43636e-09
1434.100 5.74077e-09
1435.300 5.64839e-09
1436.500 5.87375e-09
1437.700 6.12477e-09
1438.900 5.93205e-09
1440.000 6.124e-09
1441.200 6.23654e-09
1442.400 6.11678e-09
1443.600 6.16906e-09
1444.800 6.31934e-09
1445.900 6.47177e-09
1447.100 6.64225e-09
1448.300 6.61557e-09
1449.500 6.68759e-09
1450.700 6.67635e-09
1451.800 6.69282e-09
1453.000 6.69594e-09
1454.200 6.66509e-09
1455.400 6.65873e-09
1456.600 6.65517e-09
1457.700 6.65449e-09
1458.900 6.45388e-09
1460.100 6.39493e-09
1461.300 6.58774e-09
1462.500 6.39792e-09
1463.600 6.11521e-09
1464.800 5.98062e-09
1466.000 6.16461e-09
1467.200 6.1638e-09
1468.400 5.97545e-09
1469.500 5.97603e-09
1470.700 5.9376e-09
1471.900 5.73441e-09
1473.100 5.78968e-09
1474.300 5.89895e-09
1475.400 6.12221e-09
1476.600 6.34364e-09
1477.800 6.39224e-09
1479.000 6.16736e-09
1480.200 5.95751e-09
1481.300 6.0179e-09
1482.500 6.01449e-09
1483.700 5.98343e-09
1484.900 6.19245e-09
1486.100 6.52857e-09
1487.200 6.85462e-09
1488.400 6.87966e-09
1489.600 6.61227e-09
1490.800 6.39051e-09
1492.000 6.37282e-09
1493.100 6.42055e-09
1494.300 6.49312e-09
1495.500 6.79514e-09
1496.700 7.2333e-09
1497.800 7.32913e-09
1499.000 7.27263e-09
1500.200 7.25993e-09
1501.400 7.17644e-09
1502.600 7.10476e-09
1503.700 7.02437e-09
1504.900 6.76729e-09
1506.100 6.5108e-09
1507.300 6.20421e-09
1508.500 6.05274e-09
1509.600 5.97859e-09
1510.800 5.94753e-09
1512.000 6.10835e-09
1513.200 6.31421e-09
1514.400 6.42454e-09
1515.500 6.53288e-09
1516.700 6.59069e-09
1517.900 6.74024e-09
1519.100 7.10241e-09
1520.300 7.18487e-09
1521.400 6.86193e-09
1522.600 6.72146e-09
1523.800 6.59708e-09
1525.000 6.36663e-09
1526.200 6.32308e-09
1527.300 6.28284e-09
1528.500 6.17714e-09
1529.700 6.41454e-09
1530.900 6.38216e-09
1532.100 6.11964e-09
1533.200 6.12103e-09
1534.400 6.28253e-09
1535.600 6.64967e-09
1536.800 6.71661e-09
1538.000 6.79291e-09
1539.100 6.92294e-09
1540.300 6.80767e-09
1541.500 6.65064e-09
1542.700 6.66338e-09
1543.900 6.7004e-09
1545.000 6.58502e-09
1546.200 6.56639e-09
1547.400 6.84875e-09
1548.600 6.94057e-09
1549.800 6.81302e-09
1550.900 6.60643e-09
1552.100 6.63726e-09
1553.300 6.6595e-09
1554.500 6.56879e-09
1555.700 6.30117e-09
1556.800 6.00997e-09
1558.000 5.92972e-09
1559.200 5.89208e-09
1560.400 5.90347e-09
1561.600 6.14515e-09
1562.700 6.30157e-09
1563.900 6.36327e-09
1565.100 6.64154e-09
1566.300 6.76002e-09
1567.500 6.71116e-09
1568.600 6.48304e-09
1569.800 6.2604e-09
1571.000 6.35805e-09
1572.200 6.34166e-09
1573.400 6.29767e-09
1574.500 6.41927e-09
1575.700 6.45796e-09
1576.900 6.60598e-09
1578.100 6.79073e-09
1579.300 6.88495e-09
1580.400 6.86146e-09
1581.600 6.89853e-09
1582.800 6.81911e-09
1584.000 6.78283e-09
1585.100 6.83661e-09
1586.300 6.73867e-09
1587.500 6.75707e-09
1588.700 6.7307e-09
1589.900 6.73485e-09
1591.000 6.72915e-09
1592.200 6.53124e-09
1593.400 6.60236e-09
1594.600 6.66979e-09
1595.800 6.69563e-09
1596.900 6.76572e-09
1598.100 6.74604e-09
1599.300 6.61699e-09
1600.500 6.5992e-09
1601.700 6.58737e-09
1602.800 6.40458e-09
1604.000 6.52158e-09
1605.200 6.58477e-09
1606.400 6.6433e-09
1607.600 6.63868e-09
1608.700 6.6939e-09
1609.900 6.7088e-09
1611.100 6.64296e-09
1612.300 6.65022e-09
1613.500 6.74542e-09
1614.600 6.69783e-09
1615.800 6.84225e-09
1617.000 6.80414e-09
1618.200 6.69679e-09
1619.400 6.67048e-09
1620.500 6.79562e-09
1621.700 6.87051e-09
1622.900 6.82809e-09
1624.100 6.72887e-09
1625.300 6.66099e-09
1626.400 6.68646e-09
1627.600 6.66475e-09
1628.800 6.60088e-09
1630.000 6.60976e-09
1631.200 6.61307e-09
1632.300 6.54937e-09
1633.500 6.53955e-09
1634.700 6.70531e-09
1635.900 6.67235e-09
1637.100 6.54322e-09
1638.200 6.75038e-09
1639.400 6.75669e-09
1640.600 6.56379e-09
1641.800 6.59102e-09
1643.000 6.63387e-09
1644.100 6.60537e-09
1645.300 6.73179e-09
1646.500 6.78552e-09
1647.700 6.70782e-09
1648.900 6.64943e-09
1650.000 6.56427e-09
1651.200 6.37601e-09
1652.400 6.13827e-09
1653.600 5.88613e-09
1654.800 5.37824e-09
1655.900 5.0437e-09
1657.100 5.20049e-09
1658.300 5.47305e-09
1659.500 5.86114e-09
1660.700 5.92487e-09
1661.800 5.93151e-09
1663.000 6.02767e-09
1664.200 6.54235e-09
1665.400 6.47983e-09
1666.600 6.25484e-09
1667.700 6.15705e-09
1668.900 6.12063e-09
1670.100 5.97796e-09
1671.300 6.01997e-09
1672.500 6.09433e-09
1673.600 6.00811e-09
1674.800 6.14377e-09
1676.000 6.21793e-09
1677.200 6.39119e-09
1678.300 6.42535e-09
1679.500 6.44689e-09
1680.700 6.37497e-09
1681.900 6.32983e-09
1683.100 6.34032e-09
1684.200 6.25119e-09
1685.400 6.21625e-09
1686.600 6.26123e-09
1687.800 6.19532e-09
1689.000 6.22147e-09
1690.100 6.24349e-09
1691.300 6.16561e-09
1692.500 6.08564e-09
1693.700 6.02458e-09
1694.900 6.05861e-09
1696.000 6.0565e-09
1697.200 5.95592e-09
1698.400 6.03193e-09
1699.600 6.17291e-09
1700.800 6.16177e-09
1701.900 6.0915e-09
1703.100 6.02437e-09
1704.300 6.14981e-09
1705.500 5.9432e-09
1706.700 5.94779e-09
1707.800 5.90984e-09
1709.000 5.86184e-09
1710.200 5.90937e-09
1711.400 5.94155e-09
1712.600 6.04279e-09
1713.700 6.01278e-09
1714.900 5.94099e-09
1716.100 5.86276e-09
1717.300 5.74965e-09
1718.500 5.75697e-09
1719.600 5.74925e-09
1720.800 5.76104e-09
1722.000 5.86789e-09
1723.200 5.81097e-09
1724.400 5.68431e-09
1725.500 5.79689e-09
1726.700 5.894e-09
1727.900 5.95731e-09
1729.100 5.91058e-09
1730.300 5.88574e-09
1731.400 5.85569e-09
1732.600 5.78747e-09
1733.800 5.77379e-09
1735.000 5.86463e-09
1736.200 5.98378e-09
1737.300 6.06393e-09
1738.500 6.00917e-09
1739.700 5.97081e-09
1740.900 5.99124e-09
1742.100 6.05304e-09
1743.200 6.04655e-09
1744.400 5.97053e-09
1745.600 5.98911e-09
1746.800 6.03709e-09
1748.000 6.05258e-09
1749.100 6.03022e-09
1750.300 5.99921e-09
1751.500 6.0714e-09
1752.700 6.13066e-09
1753.900 6.19761e-09
1755.000 6.25925e-09
1756.200 6.15276e-09
1757.400 6.016e-09
1758.600 6.08009e-09
1759.800 6.01081e-09
1760.900 5.82658e-09
1762.100 5.7488e-09
1763.300 5.84693e-09
1764.500 5.89416e-09
1765.600 5.89366e-09
1766.800 6.01272e-09
1768.000 6.10366e-09
1769.200 6.15886e-09
1770.400 6.19243e-09
1771.500 6.23902e-09
1772.700 6.23689e-09
1773.900 6.24459e-09
1775.100 6.25018e-09
1776.300 6.27431e-09
1777.400 6.28207e-09
1778.600 6.26822e-09
1779.800 6.25876e-09
1781.000 6.26021e-09
1782.200 6.22686e-09
1783.300 6.18686e-09
1784.500 6.1546e-09
1785.700 6.10491e-09
1786.900 6.04758e-09
1788.100 6.1101e-09
1789.200 6.15726e-09
1790.400 6.22092e-09
1791.600 6.23443e-09
1792.800 6.2283e-09
1794.000 6.21451e-09
1795.100 6.20385e-09
1796.300 6.2533e-09
1797.500 6.33987e-09
1798.700 6.34453e-09
1799.900 6.371e-09
1801.000 6.4006e-09
1802.200 6.35379e-09
1803.400 6.30909e-09
1804.600 6.14191e-09
1805.800 6.0566e-09
1806.900 5.99738e-09
1808.100 6.01143e-09
1809.300 6.08888e-09
1810.500 6.12362e-09
1811.700 6.13971e-09
1812.800 6.12067e-09
1814.000 6.05128e-09
1815.200 6.00589e-09
1816.400 5.93088e-09
1817.600 5.92255e-09
1818.700 5.96776e-09
1819.900 6.05891e-09
1821.100 6.09854e-09
1822.300 6.08117e-09
1823.500 6.08672e-09
1824.600 6.06812e-09
1825.800 6.02978e-09
1827.000 5.97387e-09
1828.200 5.85334e-09
1829.400 5.80066e-09
1830.500 5.84212e-09
1831.700 5.92514e-09
1832.900 5.91183e-09
1834.100 5.90838e-09
1835.300 5.9345e-09
1836.400 5.89169e-09
1837.600 5.76353e-09
1838.800 5.65073e-09
1840.000 5.54891e-09
1841.200 5.43621e-09
1842.300 5.46692e-09
1843.500 5.57322e-09
1844.700 5.58985e-09
1845.900 5.64158e-09
1847.100 5.68137e-09
1848.200 5.71246e-09
1849.400 5.70208e-09
1850.600 5.68087e-09
1851.800 5.64005e-09
1853.000 5.59168e-09
1854.100 5.55648e-09
1855.300 5.51711e-09
1856.500 5.5217e-09
1857.700 5.57358e-09
1858.800 5.56411e-09
1860.000 5.60977e-09
1861.200 5.69734e-09
1862.400 5.76211e-09
1863.600 5.70742e-09
1864.700 5.74057e-09
1865.900 5.77416e-09
1867.100 5.77172e-09
1868.300 5.81132e-09
1869.500 5.82478e-09
1870.600 5.83927e-09
1871.800 5.86428e-09
1873.000 5.94586e-09
1874.200 5.97704e-09
1875.400 5.97652e-09
1876.500 5.94487e-09
1877.700 5.92939e-09
1878.900 5.89757e-09
1880.100 5.83383e-09
1881.300 5.84579e-09
1882.400 5.91535e-09
1883.600 5.9303e-09
1884.800 5.89661e-09
1886.000 5.83865e-09
1887.200 5.81217e-09
1888.300 5.84794e-09
1889.500 5.79971e-09
1890.700 5.75397e-09
1891.900 5.73651e-09
1893.100 5.71584e-09
1894.200 5.69103e-09
1895.400 5.66472e-09
1896.600 5.68468e-09
1897.800 5.69887e-09
1899.000 5.72306e-09
1900.100 5.75419e-09
1901.300 5.76978e-09
1902.500 5.75861e-09
1903.700 5.69534e-09
1904.900 5.63459e-09
1906.000 5.58042e-09
1907.200 5.54177e-09
1908.400 5.5605e-09
1909.600 5.55174e-09
1910.800 5.58535e-09
1911.900 5.62236e-09
1913.100 5.64454e-09
1914.300 5.66908e-09
1915.500 5.71095e-09
1916.700 5.73697e-09
1917.800 5.72247e-09
1919.000 5.67945e-09
1920.200 5.60157e-09
1921.400 5.5233e-09
1922.600 5.57125e-09
1923.700 5.57944e-09
1924.900 5.57193e-09
1926.100 5.56419e-09
1927.300 5.52343e-09
1928.500 5.40799e-09
1929.600 5.46988e-09
1930.800 5.55811e-09
1932.000 5.57629e-09
1933.200 5.60352e-09
1934.400 5.66001e-09
1935.500 5.67216e-09
1936.700 5.66019e-09
1937.900 5.69091e-09
1939.100 5.67579e-09
1940.300 5.67755e-09
1941.400 5.6945e-09
1942.600 5.68417e-09
1943.800 5.70289e-09
1945.000 5.6783e-09
1946.100 5.6433e-09
1947.300 5.62678e-09
1948.500 5.6802e-09
1949.700 5.66385e-09
1950.900 5.6233e-09
1952.000 5.58786e-09
1953.200 5.51345e-09
1954.400 5.54289e-09
1955.600 5.60318e-09
1956.800 5.62933e-09
1957.900 5.61204e-09
1959.100 5.65586e-09
1960.300 5.71285e-09
1961.500 5.71283e-09
1962.700 5.64613e-09
1963.800 5.5724e-09
1965.000 5.53343e-09
1966.200 5.48805e-09
1967.400 5.46137e-09
1968.600 5.49149e-09
1969.700 5.51549e-09
1970.900 5.51303e-09
1972.100 5.48455e-09
1973.300 5.44425e-09
1974.500 5.42253e-09
1975.600 5.38935e-09
1976.800 5.34402e-09
1978.000 5.31723e-09
1979.200 5.23753e-09
1980.400 5.22398e-09
1981.500 5.19462e-09
1982.700 5.16722e-09
1983.900 5.10646e-09
1985.100 5.79966e-09
1986.900 5.8004e-09
1988.800 5.79346e-09
1990.700 5.49103e-09
1992.500 5.57956e-09
1994.400 5.82344e-09
1996.300 5.53627e-09
1998.100 5.66464e-09
2000.647 5.76274e-09
2002.547 5.62658e-09
2004.448 5.76442e-09
2006.248 5.46666e-09
2008.149 5.7531e-09
2010.049 5.86864e-09
2011.850 5.42475e-09
2013.750 5.40749e-09
2015.650 6.01855e-09
2017.450 5.80565e-09
2019.351 5.6525e-09
2021.251 5.28177e-09
2023.151 5.64673e-09
2024.952 5.67924e-09
2026.852 5.62892e-09
2028.753 5.54589e-09
2030.553 5.37939e-09
2032.453 5.7092e-09
2034.353 5.65206e-09
2036.154 5.51678e-09
2038.054 5.64005e-09
2039.955 5.06769e-09
2041.755 5.26225e-09
2043.655 5.89701e-09
2045.556 5.49149e-09
2047.456 5.39833e-09
2049.257 5.54123e-09
2051.157 5.49378e-09
2053.057 5.62092e-09
2054.857 5.83592e-09
2056.758 5.95263e-09
2058.658 5.93519e-09
2060.459 5.65258e-09
2062.359 5.29399e-09
2064.260 5.16803e-09
2066.060 5.58115e-09
2067.960 5.5135e-09
2069.860 5.27578e-09
2071.761 5.27066e-09
2073.561 5.23283e-09
2075.462 5.67814e-09
2077.362 6.25151e-09
2079.162 6.13787e-09
2081.063 5.74521e-09
2082.963 5.31025e-09
2084.764 5.71912e-09
2086.664 5.74428e-09
2088.564 5.1528e-09
2090.365 5.13142e-09
2092.265 5.74825e-09
2094.166 5.82665e-09
2096.066 5.32184e-09
2097.866 5.4426e-09
2099.766 5.32524e-09
2101.667 5.21424e-09
2103.467 5.46027e-09
2105.368 5.43627e-09
2107.268 5.27131e-09
2109.068 5.14652e-09
2110.969 5.50446e-09
2112.869 5.24084e-09
2114.670 5.06513e-09
2116.570 5.31944e-09
2118.470 5.27976e-09
2120.371 5.44409e-09
2122.171 5.94751e-09
2124.072 5.49454e-09
2125.972 5.19232e-09
2127.772 5.53244e-09
2129.673 5.56748e-09
2131.573 4.86579e-09
2133.373 4.466e-09
2135.274 4.32495e-09
2137.174 4.85747e-09
2138.975 5.17067e-09
2140.875 5.03939e-09
2142.775 4.87922e-09
2144.676 4.91431e-09
2146.476 4.91409e-09
2148.376 5.0967e-09
2150.277 4.98979e-09
2152.077 5.03134e-09
2153.978 5.10942e-09
2155.878 5.06557e-09
2157.678 5.11258e-09
2159.579 5.13189e-09
2161.479 5.073e-09
2163.380 4.70853e-09
2165.180 4.74261e-09
2167.080 4.82725e-09
2168.981 4.73378e-09
2170.781 4.89355e-09
2172.681 4.72267e-09
2174.582 4.90523e-09
2176.382 4.9545e-09
2178.282 4.94259e-09
2180.183 4.6724e-09
2181.983 4.83894e-09
2183.883 4.90447e-09
2185.784 5.10148e-09
2187.684 5.22857e-09
2189.485 5.09685e-09
2191.385 4.60268e-09
2193.286 4.55808e-09
2195.086 4.77672e-09
2196.987 4.90165e-09
2198.887 5.14547e-09
2200.688 5.1116e-09
2202.588 4.91345e-09
2204.488 4.9444e-09
2206.289 4.87896e-09
2208.189 5.01697e-09
2210.089 4.92879e-09
2211.990 4.74738e-09
2213.790 4.51916e-09
2215.690 4.71667e-09
2217.591 4.77661e-09
2219.391 4.55349e-09
2221.292 4.78359e-09
2223.192 4.72413e-09
2224.993 4.72637e-09
2226.893 4.5235e-09
2228.794 4.47138e-09
2230.594 4.65148e-09
2232.494 4.80235e-09
2234.394 4.90107e-09
2236.295 4.86723e-09
2238.095 4.73004e-09
2239.996 4.97099e-09
2241.896 4.83803e-09
2243.697 4.53644e-09
2245.597 4.6294e-09
2247.497 4.7408e-09
2249.298 4.74773e-09
2251.198 4.36964e-09
2253.098 4.30791e-09
2254.899 4.62351e-09
2256.799 4.54533e-09
2258.700 4.26912e-09
2260.600 4.30281e-09
2262.401 4.35493e-09
2264.301 4.31669e-09
2266.201 4.56223e-09
2268.002 4.61084e-09
2269.902 4.37119e-09
2271.803 4.28045e-09
2273.603 4.5767e-09
2275.503 4.88579e-09
2277.404 4.82846e-09
2279.204 4.52446e-09
2281.104 4.40948e-09
2283.005 4.66049e-09
2284.905 4.74408e-09
2286.706 4.9796e-09
2288.606 4.78183e-09
2290.507 4.61338e-09
2292.307 4.49059e-09
2294.207 4.46315e-09
2296.107 4.67523e-09
2297.908 4.77341e-09
2299.809 4.44023e-09
2301.709 4.08017e-09
2303.609 4.23448e-09
2305.410 4.50123e-09
2307.310 4.37502e-09
2309.211 4.4067e-09
2311.011 4.39733e-09
2312.911 4.36082e-09
2314.812 4.53592e-09
2316.613 4.32887e-09
2318.513 4.29338e-09
2320.413 4.15329e-09
2322.214 4.15458e-09
2324.114 4.42825e-09
2326.014 4.68438e-09
2327.915 4.56465e-09
2329.715 4.43439e-09
2331.616 4.2095e-09
2333.516 4.00202e-09
2335.316 4.15027e-09
2337.217 4.38943e-09
2339.117 4.49316e-09
2340.918 4.33101e-09
2342.818 4.13567e-09
2344.719 3.97266e-09
2346.519 3.81743e-09
2348.419 3.83871e-09
2350.320 4.09085e-09
2352.220 4.26575e-09
2354.021 4.10958e-09
2355.921 3.96733e-09
2357.821 3.91481e-09
2359.622 4.13637e-09
2361.523 4.16368e-09
2363.422 3.91098e-09
2365.223 3.80126e-09
2367.124 4.07324e-09
2369.024 4.06755e-09
2370.824 3.98448e-09
2372.725 4.07861e-09
2374.625 4.02944e-09
2376.526 4.10647e-09
2378.326 4.02675e-09
2380.227 3.7956e-09
2382.127 3.77213e-09
2383.927 3.71391e-09
2385.828 3.53306e-09
2387.728 3.62283e-09
2389.529 3.79706e-09
2391.429 3.82012e-09
2393.330 3.91064e-09
2395.130 4.07285e-09
2397.030 3.86932e-09
2398.931 3.78498e-09
2400.831 3.74389e-09
2402.632 3.72085e-09
2404.532 3.83329e-09
2406.432 3.86476e-09
2408.233 3.82286e-09
2410.133 3.75679e-09
2412.034 3.8051e-09
2413.834 3.73822e-09
2415.734 3.62524e-09
2417.635 3.73644e-09
2419.435 3.95335e-09
2421.336 4.01728e-09
2423.236 3.95677e-09
2425.137 3.9622e-09
2426.937 3.95103e-09
2428.838 3.96905e-09
2430.738 3.95162e-09
2432.538 3.87175e-09
2434.439 3.85654e-09
2436.339 3.7653e-09
2438.140 3.71177e-09
2440.040 3.81444e-09
2441.940 4.09092e-09
2443.841 4.19034e-09
2445.641 4.09427e-09
2447.542 4.0076e-09
2449.442 3.88257e-09
2451.243 3.86686e-09
2453.143 4.03711e-09
2455.044 4.13149e-09
2456.844 3.98401e-09
2458.744 3.83038e-09
2460.644 3.93632e-09
2462.445 3.88252e-09
2464.346 3.81423e-09
2466.246 3.79994e-09
2468.146 3.7629e-09
2469.947 3.94988e-09
2471.847 3.93157e-09
2473.748 3.91642e-09
2475.548 3.86508e-09
2477.449 3.91117e-09
2479.349 3.9262e-09
2481.149 3.89883e-09
2483.050 3.78552e-09
2484.950 3.91358e-09
2486.751 3.98989e-09
2488.651 3.9958e-09
2490.552 4.09183e-09
2492.452 3.94769e-09
2494.252 3.80465e-09
2496.153 3.96084e-09
2498.053 4.1098e-09
2499.854 4.08696e-09
2501.754 4.15214e-09
2503.655 4.17802e-09
2505.455 4.12526e-09
2507.356 4.01352e-09
2509.256 3.85109e-09
2511.056 4.01686e-09
2512.957 3.98907e-09
2514.857 3.96959e-09
2516.758 3.95636e-09
2518.558 3.96591e-09
2520.459 4.05007e-09
2522.359 3.8764e-09
2524.159 3.73482e-09
2526.060 3.71237e-09
2527.960 3.64851e-09
2529.761 3.49346e-09
2531.661 3.4638e-09
2533.561 3.7357e-09
2535.362 3.96413e-09
2537.262 3.69825e-09
2539.163 3.47379e-09
2541.064 3.44213e-09
2542.864 3.56391e-09
2544.764 3.74903e-09
2546.664 3.6604e-09
2548.465 3.61115e-09
2550.366 3.61276e-09
2552.266 3.68289e-09
2554.066 3.73225e-09
2555.967 3.86888e-09
2557.867 3.97339e-09
2559.668 4.0426e-09
2561.568 3.84288e-09
2563.468 3.81658e-09
2565.369 3.77678e-09
2567.169 3.73485e-09
2569.070 3.94553e-09
2570.970 4.02635e-09
2572.771 4.00215e-09
2574.671 4.03518e-09
2576.572 3.99959e-09
2578.372 3.92961e-09
2580.273 3.91896e-09
2582.173 3.87084e-09
2584.073 3.9695e-09
2585.874 3.86719e-09
2587.774 3.8909e-09
2589.675 3.93859e-09
2591.475 3.93415e-09
2593.376 3.82555e-09
2595.276 3.8868e-09
2597.077 4.03456e-09
2598.977 4.07606e-09
2600.877 3.80156e-09
2602.678 3.72302e-09
2604.578 3.92515e-09
2606.478 3.98438e-09
2608.379 3.85784e-09
2610.179 3.64769e-09
2612.080 3.67138e-09
2613.980 3.77132e-09
2615.781 3.92244e-09
2617.681 3.91378e-09
2619.582 3.84242e-09
2621.382 3.89849e-09
2623.282 4.01524e-09
2625.183 3.98773e-09
2626.984 3.94971e-09
2628.884 3.81338e-09
2630.784 3.69478e-09
2632.685 3.61797e-09
2634.485 3.65724e-09
2636.386 3.87446e-09
2638.286 4.1493e-09
2640.087 4.20327e-09
2641.987 4.08242e-09
2643.887 4.12488e-09
2645.688 4.22594e-09
2647.588 4.21915e-09
2649.489 4.13167e-09
2651.289 4.13318e-09
2653.190 4.30548e-09
2655.090 4.32166e-09
2656.991 4.09257e-09
2658.791 4.06988e-09
2660.691 4.09959e-09
2662.592 4.04858e-09
2664.392 3.91888e-09
2666.293 3.8699e-09
2668.193 3.8167e-09
2669.994 3.84001e-09
2671.894 3.83711e-09
2673.794 3.88033e-09
2675.595 3.91829e-09
2677.495 3.95311e-09
2679.396 3.97218e-09
2681.296 3.92201e-09
2683.097 3.93371e-09
2684.997 3.99995e-09
2686.898 4.01689e-09
2688.698 3.88693e-09
2690.598 3.8325e-09
2692.499 3.83157e-09
2694.300 3.81803e-09
2696.200 3.89158e-09
2698.101 3.84761e-09
2699.901 3.79103e-09
2701.802 3.77118e-09
2703.702 3.73559e-09
2705.602 3.7535e-09
2707.403 3.78296e-09
2709.303 3.79772e-09
2711.203 3.7831e-09
2713.004 3.74749e-09
2714.905 3.72238e-09
2716.805 3.72455e-09
2718.605 3.7687e-09
2720.506 3.80971e-09
2722.406 3.88325e-09
2724.307 3.83401e-09
2726.107 3.76063e-09
2728.008 3.63162e-09
2729.908 3.67685e-09
2731.709 3.80605e-09
2733.609 3.90378e-09
2735.509 3.99733e-09
2737.310 4.02265e-09
2739.210 3.93147e-09
2741.111 3.7647e-09
2742.911 3.62941e-09
2744.811 3.55923e-09
2746.712 3.61189e-09
2748.613 3.55118e-09
2750.413 3.46525e-09
2752.314 3.41505e-09
2754.214 3.55598e-09
2756.014 3.56145e-09
2757.915 3.60161e-09
2759.815 3.61552e-09
2761.616 3.59582e-09
2763.516 3.65808e-09
2765.417 3.70985e-09
2767.217 3.72695e-09
2769.117 3.7094e-09
2771.018 3.66034e-09
2772.918 3.68484e-09
2774.719 3.71774e-09
2776.619 3.74857e-09
2778.520 3.71529e-09
2780.320 3.6189e-09
2782.221 3.53409e-09
2784.121 3.60069e-09
2785.922 3.65783e-09
2787.822 3.69501e-09
2789.722 3.64595e-09
2791.523 3.54532e-09
2793.423 3.42259e-09
2795.324 3.24407e-09
2797.224 2.95502e-09
2799.025 2.79113e-09
2800.925 2.90194e-09
2802.826 3.04542e-09
2804.626 3.09626e-09
2806.526 3.15239e-09
2808.427 3.44335e-09
2810.227 3.74805e-09
2812.128 3.82217e-09
2814.028 3.77516e-09
2815.829 3.76183e-09
2817.729 3.78539e-09
2819.630 3.85637e-09
2821.530 3.86729e-09
2823.331 3.86764e-09
2825.231 3.90807e-09
2827.132 3.88208e-09
2828.932 3.80969e-09
2830.832 3.73623e-09
2832.733 3.61637e-09
2834.533 3.662e-09
2836.434 3.68762e-09
2838.334 3.64362e-09
2840.135 3.7019e-09
2842.035 3.68003e-09
2843.936 3.62333e-09
2845.836 3.5624e-09
2847.637 3.58794e-09
2849.537 3.6483e-09
2851.438 3.65379e-09
2853.238 3.65715e-09
2855.138 3.60563e-09
2857.039 3.59947e-09
2858.840 3.59435e-09
2860.740 3.61349e-09
2862.641 3.65162e-09
2864.541 3.59264e-09
2866.341 3.54631e-09
2868.242 3.51369e-09
2870.142 3.49477e-09
2871.943 3.498e-09
2873.843 3.52128e-09
2875.743 3.52239e-09
2877.544 3.56042e-09
2879.445 3.54884e-09
2881.345 3.53407e-09
2883.146 3.58263e-09
2885.046 3.64279e-09
2886.946 3.64382e-09
2888.847 3.68812e-09
2890.647 3.64902e-09
2892.548 3.56769e-09
2894.448 3.5159e-09
2896.249 3.49261e-09
2898.149 3.55796e-09
2900.050 3.65813e-09
2901.850 3.69602e-09
2903.751 3.76554e-09
2905.651 3.82556e-09
2907.451 3.79059e-09
2909.352 3.75455e-09
2911.252 3.73855e-09
2913.153 3.74575e-09
2914.953 3.73607e-09
2916.854 3.71688e-09
2918.754 3.71245e-09
2920.554 3.75443e-09
2922.455 3.77635e-09
2924.356 3.68645e-09
2926.156 3.6282e-09
2928.057 3.6079e-09
2929.956 3.58127e-09
2931.757 3.5768e-09
2933.658 3.56597e-09
2935.558 3.51929e-09
2937.459 3.49369e-09
2939.259 3.57246e-09
2941.160 3.55844e-09
2943.060 3.55601e-09
2944.861 3.60733e-09
2946.761 3.61646e-09
2948.662 3.56553e-09
2950.462 3.62734e-09
2952.363 3.63013e-09
2954.262 3.58023e-09
2956.063 3.6083e-09
2957.964 3.67635e-09
2959.864 3.74647e-09
2961.765 3.70602e-09
2963.565 3.63401e-09
2965.466 3.61671e-09
2967.366 3.65624e-09
2969.166 3.67157e-09
2971.067 3.64898e-09
2972.968 3.6148e-09
2974.768 3.67532e-09
2976.669 3.67583e-09
2978.569 3.60481e-09
2980.369 3.60848e-09
2982.269 3.6079e-09
2984.170 3.61781e-09
2986.071 3.59723e-09
2987.871 3.56616e-09
2989.771 3.63379e-09
2991.672 3.67618e-09
2993.473 3.70176e-09
2995.373 3.68948e-09
2997.274 3.69818e-09
2999.074 3.59354e-09
3000.975 3.57073e-09
3002.875 3.59931e-09
3004.775 3.65513e-09
3006.576 3.68368e-09
3008.476 3.66182e-09
3010.377 3.6672e-09
3012.177 3.68099e-09
3014.077 3.60251e-09
3015.978 3.59421e-09
3017.779 3.63306e-09
3019.679 3.66238e-09
3021.580 3.65294e-09
3023.380 3.66132e-09
3025.281 3.68007e-09
3027.181 3.66428e-09
3029.081 3.62025e-09
3030.882 3.65882e-09
3032.782 3.64191e-09
3034.683 3.64586e-09
3036.483 3.64881e-09
3038.383 3.64226e-09
3040.284 3.65863e-09
3042.084 3.64479e-09
3043.985 3.59959e-09
3045.886 3.54398e-09
3047.686 3.53219e-09
3049.587 3.53591e-09
3051.487 3.48861e-09
3053.387 3.41011e-09
3055.188 3.44505e-09
3057.089 3.48399e-09
3058.989 3.50416e-09
3060.789 3.54305e-09
3062.690 3.44274e-09
3064.590 3.38813e-09
3066.391 3.40307e-09
3068.291 3.44481e-09
3070.192 3.43779e-09
3071.992 3.38324e-09
3073.893 3.37205e-09
3075.793 3.37944e-09
3077.694 3.39918e-09
3079.494 3.39315e-09
3081.394 3.39627e-09
3083.295 3.41172e-09
3085.096 3.45299e-09
3086.996 3.44667e-09
3088.896 3.4362e-09
3090.697 3.43302e-09
3092.597 3.31556e-09
3094.498 3.30301e-09
3096.298 3.39837e-09
3098.199 3.41751e-09
3100.099 3.3925e-09
3102.000 3.3634e-09
3103.800 3.34673e-09
3105.700 3.34833e-09
3107.601 3.36217e-09
3109.402 3.40675e-09
3111.302 3.44294e-09
3113.203 3.42601e-09
3115.003 3.3868e-09
3116.904 3.3363e-09
3118.804 3.3052e-09
3120.604 3.31189e-09
3122.505 3.29302e-09
3124.405 3.31377e-09
3126.306 3.34767e-09
3128.106 3.38469e-09
3130.007 3.38505e-09
3131.907 3.36415e-09
3133.707 3.36163e-09
3135.608 3.35897e-09
3137.509 3.39571e-09
3139.309 3.42245e-09
3141.210 3.44598e-09
3143.110 3.4826e-09
3145.011 3.46581e-09
3146.811 3.41702e-09
3148.711 3.35813e-09
3150.612 3.34053e-09
3152.412 3.31106e-09
3154.313 3.27852e-09
3156.213 3.28213e-09
3158.014 3.27587e-09
3159.914 3.30254e-09
3161.814 3.31921e-09
3163.615 3.32302e-09
3165.516 3.34571e-09
3167.416 3.37739e-09
3169.317 3.37217e-09
3171.117 3.37906e-09
3173.018 3.39485e-09
3174.918 3.3768e-09
3176.718 3.33406e-09
3178.619 3.30424e-09
3180.519 3.27847e-09
3182.320 3.28962e-09
3184.221 3.32552e-09
3186.121 3.31778e-09
3187.921 3.29331e-09
3189.821 3.34613e-09
3191.722 3.35535e-09
3193.623 3.30817e-09
3195.423 3.29282e-09
3197.323 3.30218e-09
3199.224 3.28388e-09
3201.025 3.25384e-09
3202.925 3.25344e-09
3204.825 3.35579e-09
3206.626 3.36536e-09
3208.527 3.28707e-09
3210.427 3.23846e-09
3212.227 3.23634e-09
3214.128 3.27559e-09
3216.029 3.29908e-09
3217.929 3.31274e-09
3219.729 3.2999e-09
3221.630 3.29491e-09
3223.530 3.27619e-09
3225.331 3.26051e-09
3227.231 3.2399e-09
3229.132 3.21835e-09
3230.932 3.22048e-09
3232.833 3.22849e-09
3234.733 3.23751e-09
3236.533 3.24561e-09
3238.434 3.2537e-09
3240.334 3.22057e-09
3242.235 3.20417e-09
3244.036 3.19569e-09
3245.936 3.17838e-09
3247.837 3.16306e-09
3249.637 3.18116e-09
3251.537 3.18943e-09
3253.438 3.22518e-09
3255.238 3.26392e-09
3257.139 3.1801e-09
3259.040 3.1571e-09
3260.840 3.20471e-09
3262.740 3.26113e-09
3264.640 3.29209e-09
3266.541 3.33383e-09
3268.341 3.27667e-09
3270.242 3.23813e-09
3272.143 3.22019e-09
3273.943 3.26104e-09
3275.843 3.26468e-09
3277.744 3.19785e-09
3279.545 3.1193e-09
3281.445 3.15335e-09
3283.345 3.19525e-09
3285.246 3.17157e-09
3287.047 3.13422e-09
3288.947 3.14288e-09
3290.847 3.15449e-09
3292.648 3.17787e-09
3294.549 3.16308e-09
3296.449 3.13363e-09
3298.249 3.14824e-09
3300.150 3.16775e-09
3300.950 3.3439e-09
3325.956 3.28286e-09
3350.962 3.24379e-09
3375.969 3.23782e-09
3400.975 3.23186e-09
3425.982 3.19929e-09
3450.988 3.16121e-09
3475.995 3.12934e-09
3501.001 3.10351e-09
3526.008 3.09495e-09
3551.014 3.0864e-09
3576.020 3.06375e-09
3601.027 3.04967e-09
3626.033 3.03566e-09
3651.040 3.04686e-09
3676.047 3.05811e-09
3701.053 3.06657e-09
3726.059 3.1758e-09
3751.066 3.64295e-09
3776.072 4.22136e-09
3801.079 4.9142e-09
3826.085 5.54438e-09
3851.092 6.37166e-09
3876.098 7.06404e-09
3901.105 6.9607e-09
3926.112 7.7527e-09
3951.118 7.16231e-09
3976.124 6.8148e-09
4001.131 8.04365e-09
4026.138 8.69867e-09
4051.144 8.61099e-09
4076.150 7.38334e-09
4101.157 6.50209e-09
4126.164 7.10318e-09
4151.170 7.94059e-09
4176.177 7.84608e-09
4201.183 7.73843e-09
4226.190 7.65337e-09
4251.197 7.50677e-09
4276.203 7.28204e-09
4301.210 6.6781e-09
4326.217 5.61633e-09
4351.223 5.63188e-09
4376.230 6.31325e-09
4401.236 6.7461e-09
4426.243 6.66581e-09
4451.250 6.5683e-09
4476.256 6.46031e-09
4501.263 6.35994e-09
4526.270 6.2209e-09
4551.276 5.97383e-09
4576.283 6.01801e-09
4601.289 5.96284e-09
4626.296 5.88644e-09
4651.303 5.80033e-09
4676.309 5.68922e-09
4701.316 5.58538e-09
4726.323 5.48344e-09
4751.330 5.37345e-09
4776.335 5.28997e-09
4801.342 5.18863e-09
4826.349 4.79792e-09
4851.356 4.11011e-09
4876.362 4.12908e-09
4901.369 4.60313e-09
4926.376 4.86467e-09
4951.383 4.80234e-09
4976.390 4.71469e-09
5001.396 4.65e-09
5026.403 4.57776e-09
5051.409 4.50664e-09
5076.416 4.4489e-09
5101.422 4.38382e-09
5126.429 4.32367e-09
5151.436 4.26043e-09
5176.442 4.20197e-09
5201.449 4.1405e-09
5226.456 4.09122e-09
5251.462 4.03509e-09
5276.470 3.98706e-09
5301.476 3.92874e-09
5326.483 3.89631e-09
5351.490 3.84639e-09
5376.496 3.79361e-09
5401.503 3.74846e-09
5426.509 3.69703e-09
5451.517 3.64631e-09
5476.523 3.59959e-09
5501.530 3.54041e-09
5526.536 3.49183e-09
5551.543 3.45027e-09
5576.549 3.42179e-09
5601.556 3.37173e-09
5626.563 3.31324e-09
5651.570 3.26477e-09
5676.576 3.21998e-09
5701.583 3.17288e-09
5726.590 3.14089e-09
5751.596 3.0978e-09
5776.604 3.05529e-09
5801.610 3.01337e-09
5826.617 2.99125e-09
5851.623 2.93936e-09
5876.630 2.89903e-09
5901.637 2.85662e-09
5926.644 2.81483e-09
5951.650 2.77366e-09
5976.657 2.73812e-09
6001.665 2.69559e-09
6026.670 2.66105e-09
6051.678 2.62938e-09
6076.685 2.60287e-09
6101.691 2.57426e-09
6126.698 2.53894e-09
6151.705 2.50411e-09
6176.711 2.46975e-09
6201.718 2.43586e-09
6226.725 2.40244e-09
6251.731 2.3673e-09
6276.738 2.34776e-09
6301.745 2.32195e-09
6326.752 2.29009e-09
6351.758 2.2691e-09
6376.765 2.25659e-09
6401.771 2.24003e-09
6426.778 2.20522e-09
6451.785 2.17697e-09
6476.792 2.1471e-09
6501.798 2.10791e-09
6526.805 1.92598e-09
6551.812 1.74523e-09
6576.819 1.67438e-09
6601.825 1.86489e-09
6626.832 2.0149e-09
6651.839 1.99275e-09
6676.846 1.97085e-09
6701.853 1.94918e-09
6726.859 1.93309e-09
6751.866 1.91185e-09
6776.873 1.88909e-09
6801.880 1.86661e-09
6826.887 1.841e-09
6851.893 1.81407e-09
6876.900 1.79413e-09
6901.907 1.76951e-09
6926.914 1.74684e-09
6951.920 1.73721e-09
6976.927 1.71812e-09
7001.934 1.70708e-09
7026.940 1.68676e-09
7051.947 1.66515e-09
7076.954 1.64382e-09
7101.961 1.62575e-09
7126.968 1.60344e-09
7151.975 1.58144e-09
7176.981 1.56694e-09
7201.988 1.55258e-09
7226.995 1.53834e-09
7252.002 1.52283e-09
7277.009 1.50333e-09
7302.016 1.4827e-09
7327.023 1.46775e-09
7352.028 1.45162e-09
7377.035 1.43964e-09
7402.042 1.42907e-09
7427.049 1.41336e-09
7452.056 1.39783e-09
7477.063 1.38374e-09
7502.070 1.36979e-09
7527.076 1.35348e-09
7552.083 1.34231e-09
7577.089 1.32389e-09
7602.097 1.31417e-09
7627.104 1.29614e-09
7652.110 1.28663e-09
7677.117 1.27601e-09
7702.124 1.25618e-09
7727.130 1.24696e-09
7752.137 1.23781e-09
7777.144 1.2197e-09
7802.151 1.20963e-09
7827.158 1.20075e-09
7852.165 1.19194e-09
7877.171 1.1821e-09
7902.178 1.17234e-09
7927.185 1.15306e-09
7952.191 1.14354e-09
7977.198 1.13306e-09
8002.205 1.12371e-09
8027.212 1.11443e-09
8052.219 1.10523e-09
8077.226 1.0951e-09
8102.232 1.08506e-09
8127.239 1.0761e-09
8152.246 1.06624e-09
8177.252 1.04581e-09
8202.259 1.03622e-09
8227.266 1.02672e-09
8252.272 1.01731e-09
8277.278 1.00613e-09
8302.285 9.95985e-10
8327.293 9.86854e-10
8352.300 9.76007e-10
8377.307 9.67059e-10
8402.314 9.56429e-10
8427.320 9.37245e-10
8452.326 9.27797e-10
8477.333 9.17599e-10
8502.340 9.07513e-10
8527.347 8.87673e-10
8552.353 8.77916e-10
8577.360 8.57932e-10
8602.367 8.37631e-10
8627.374 8.77916e-10
8652.381 9.26943e-10
8677.388 9.67059e-10
8702.395 9.66169e-10
8727.400 8.38403e-10
8752.407 8.08822e-10
8777.414 9.17599e-10
8802.421 9.56429e-10
8827.428 8.57932e-10
8852.435 7.78848e-10
8877.441 8.77916e-10
8902.448 9.17599e-10
8927.456 9.17599e-10
8952.463 9.07513e-10
8977.470 8.19319e-10
9002.477 6.70893e-10
9027.483 6.70893e-10
9052.489 7.89683e-10
9077.496 8.39176e-10
9102.503 8.29188e-10
9127.510 8.09567e-10
9152.517 7.40377e-10
9177.523 6.70893e-10
9202.530 6.01801e-10
9227.537 5.91906e-10
9252.544 6.61078e-10
9277.551 7.69579e-10
9302.558 7.99195e-10
9327.565 7.89683e-10
9352.571 7.79566e-10
9377.578 7.69579e-10
9402.584 7.69579e-10
9427.591 7.49986e-10
9452.598 7.20863e-10
9477.604 6.61687e-10
9502.611 5.82174e-10
9527.618 5.23664e-10
9552.625 5.23182e-10
9577.632 6.2209e-10
9602.639 6.9096e-10
9627.646 7.20863e-10
9652.652 7.30219e-10
9677.659 7.20863e-10
9702.666 7.20863e-10
9727.674 7.00572e-10
9752.681 6.8148e-10
9777.688 6.71511e-10
9802.692 6.62297e-10
9827.699 6.52008e-10
9852.707 6.52609e-10
9877.714 6.52008e-10
9902.721 6.43062e-10
9927.728 6.33072e-10
9952.734 6.03466e-10
9977.741 5.73658e-10
10002.748 5.34383e-10
10027.755 4.74956e-10
10052.762 4.2565e-10
10077.769 5.15054e-10
10102.775 5.44318e-10
10127.782 5.74187e-10
10152.789 5.84861e-10
10177.796 5.94638e-10
10202.803 6.04579e-10
10227.810 5.94638e-10
10252.815 5.94638e-10
10277.822 5.8594e-10
10302.829 5.8648e-10
10327.836 5.76306e-10
10352.843 5.76837e-10
10377.850 5.67875e-10
10402.856 5.68399e-10
10427.863 5.58538e-10
10452.870 5.59053e-10
10477.877 5.49861e-10
10502.884 5.49861e-10
