  3.60000e+03 -9.41615e-03
  3.60100e+03 -9.34792e-03
  3.60200e+03 -9.27754e-03
  3.60300e+03 -9.20498e-03
  3.60400e+03 -9.13024e-03
  3.60500e+03 -9.05330e-03
  3.60600e+03 -8.97415e-03
  3.60700e+03 -8.89278e-03
  3.60800e+03 -8.80917e-03
  3.60900e+03 -8.72331e-03
  3.61000e+03 -8.63518e-03
  3.61100e+03 -8.54478e-03
  3.61200e+03 -8.45209e-03
  3.61300e+03 -8.35709e-03
  3.61400e+03 -8.25977e-03
  3.61500e+03 -8.16013e-03
  3.61600e+03 -8.05814e-03
  3.61700e+03 -7.95380e-03
  3.61800e+03 -7.84709e-03
  3.61900e+03 -7.73799e-03
  3.62000e+03 -7.62651e-03
  3.62100e+03 -7.51260e-03
  3.62200e+03 -7.39628e-03
  3.62300e+03 -7.27752e-03
  3.62400e+03 -7.15631e-03
  3.62500e+03 -7.03264e-03
  3.62600e+03 -6.90650e-03
  3.62700e+03 -6.77787e-03
  3.62800e+03 -6.64674e-03
  3.62900e+03 -6.51309e-03
  3.63000e+03 -6.37691e-03
  3.63100e+03 -6.23820e-03
  3.63200e+03 -6.09693e-03
  3.63300e+03 -5.95309e-03
  3.63400e+03 -5.80668e-03
  3.63500e+03 -5.65766e-03
  3.63600e+03 -5.50604e-03
  3.63700e+03 -5.35180e-03
  3.63800e+03 -5.19493e-03
  3.63900e+03 -5.03541e-03
  3.64000e+03 -4.87323e-03
  3.64100e+03 -4.70837e-03
  3.64200e+03 -4.54083e-03
  3.64300e+03 -4.37060e-03
  3.64400e+03 -4.19764e-03
  3.64500e+03 -4.02197e-03
  3.64600e+03 -3.84355e-03
  3.64700e+03 -3.66239e-03
  3.64800e+03 -3.47845e-03
  3.64900e+03 -3.29174e-03
  3.65000e+03 -3.10224e-03
  3.65100e+03 -2.90993e-03
  3.65200e+03 -2.71480e-03
  3.65300e+03 -2.51684e-03
  3.65400e+03 -2.31603e-03
  3.65500e+03 -2.11237e-03
  3.65600e+03 -1.90584e-03
  3.65700e+03 -1.69643e-03
  3.65800e+03 -1.48411e-03
  3.65900e+03 -1.26889e-03
  3.66000e+03 -1.05074e-03
  3.66100e+03 -8.29655e-04
  3.66200e+03 -6.05622e-04
  3.66300e+03 -3.78624e-04
  3.66400e+03 -1.48650e-04
  3.66500e+03  8.43152e-05
  3.66600e+03  3.20286e-04
  3.66700e+03  5.59269e-04
  3.66800e+03  8.01282e-04
  3.66900e+03  1.04634e-03
  3.67000e+03  1.29445e-03
  3.67100e+03  1.54563e-03
  3.67200e+03  1.79989e-03
  3.67300e+03  2.05725e-03
  3.67400e+03  2.31772e-03
  3.67500e+03  2.58131e-03
  3.67600e+03  2.84803e-03
  3.67700e+03  3.11790e-03
  3.67800e+03  3.39093e-03
  3.67900e+03  3.66714e-03
  3.68000e+03  3.94654e-03
  3.68100e+03  4.22913e-03
  3.68200e+03  4.51494e-03
  3.68300e+03  4.80398e-03
  3.68400e+03  5.09626e-03
  3.68500e+03  5.39179e-03
  3.68600e+03  5.69059e-03
  3.68700e+03  5.99266e-03
  3.68800e+03  6.29804e-03
  3.68900e+03  6.60671e-03
  3.69000e+03  6.91872e-03
  3.69100e+03  7.23404e-03
  3.69200e+03  7.55272e-03
  3.69300e+03  7.87476e-03
  3.69400e+03  8.20016e-03
  3.69500e+03  8.52903e-03
  3.69600e+03  8.86164e-03
  3.69700e+03  9.19834e-03
  3.69800e+03  9.53946e-03
  3.69900e+03  9.88536e-03
  3.70000e+03  1.02364e-02
  3.70100e+03  1.05928e-02
  3.70200e+03  1.09550e-02
  3.70300e+03  1.13234e-02
  3.70400e+03  1.16982e-02
  3.70500e+03  1.20799e-02
  3.70600e+03  1.24686e-02
  3.70700e+03  1.28649e-02
  3.70800e+03  1.32690e-02
  3.70900e+03  1.36813e-02
  3.71000e+03  1.41020e-02
  3.71100e+03  1.45316e-02
  3.71200e+03  1.49704e-02
  3.71300e+03  1.54187e-02
  3.71400e+03  1.58769e-02
  3.71500e+03  1.63453e-02
  3.71600e+03  1.68242e-02
  3.71700e+03  1.73140e-02
  3.71800e+03  1.78150e-02
  3.71900e+03  1.83276e-02
  3.72000e+03  1.88521e-02
  3.72100e+03  1.93888e-02
  3.72200e+03  1.99382e-02
  3.72300e+03  2.05004e-02
  3.72400e+03  2.10759e-02
  3.72500e+03  2.16650e-02
  3.72600e+03  2.22680e-02
  3.72700e+03  2.28854e-02
  3.72800e+03  2.35173e-02
  3.72900e+03  2.41642e-02
  3.73000e+03  2.48264e-02
  3.73100e+03  2.55042e-02
  3.73200e+03  2.61980e-02
  3.73300e+03  2.69082e-02
  3.73400e+03  2.76350e-02
  3.73500e+03  2.83788e-02
  3.73600e+03  2.91399e-02
  3.73700e+03  2.99187e-02
  3.73800e+03  3.07155e-02
  3.73900e+03  3.15307e-02
  3.74000e+03  3.23646e-02
  3.74100e+03  3.32175e-02
  3.74200e+03  3.40898e-02
  3.74300e+03  3.49818e-02
  3.74400e+03  3.58939e-02
  3.74500e+03  3.68263e-02
  3.74600e+03  3.77795e-02
  3.74700e+03  3.87538e-02
  3.74800e+03  3.97494e-02
  3.74900e+03  4.07669e-02
  3.75000e+03  4.18064e-02
  3.75100e+03  4.28684e-02
  3.75200e+03  4.39531e-02
  3.75300e+03  4.50610e-02
  3.75400e+03  4.61923e-02
  3.75500e+03  4.73474e-02
  3.75600e+03  4.85266e-02
  3.75700e+03  4.97303e-02
  3.75800e+03  5.09588e-02
  3.75900e+03  5.22125e-02
  3.76000e+03  5.34916e-02
  3.76100e+03  5.47966e-02
  3.76200e+03  5.61278e-02
  3.76300e+03  5.74855e-02
  3.76400e+03  5.88700e-02
  3.76500e+03  6.02817e-02
  3.76600e+03  6.17209e-02
  3.76700e+03  6.31880e-02
  3.76800e+03  6.46834e-02
  3.76900e+03  6.62072e-02
  3.77000e+03  6.77600e-02
  3.77100e+03  6.93420e-02
  3.77200e+03  7.09535e-02
  3.77300e+03  7.25950e-02
  3.77400e+03  7.42667e-02
  3.77500e+03  7.59690e-02
  3.77600e+03  7.77023e-02
  3.77700e+03  7.94667e-02
  3.77800e+03  8.12628e-02
  3.77900e+03  8.30909e-02
  3.78000e+03  8.49512e-02
  3.78100e+03  8.68442e-02
  3.78200e+03  8.87701e-02
  3.78300e+03  9.07293e-02
  3.78400e+03  9.27222e-02
  3.78500e+03  9.47490e-02
  3.78600e+03  9.68102e-02
  3.78700e+03  9.89061e-02
  3.78800e+03  1.01037e-01
  3.78900e+03  1.03203e-01
  3.79000e+03  1.05405e-01
  3.79100e+03  1.07643e-01
  3.79200e+03  1.09917e-01
  3.79300e+03  1.12228e-01
  3.79400e+03  1.14576e-01
  3.79500e+03  1.16962e-01
  3.79600e+03  1.19385e-01
  3.79700e+03  1.21846e-01
  3.79800e+03  1.24345e-01
  3.79900e+03  1.26884e-01
  3.80000e+03  1.29461e-01
  3.80100e+03  1.32078e-01
  3.80200e+03  1.34734e-01
  3.80300e+03  1.37428e-01
  3.80400e+03  1.40160e-01
  3.80500e+03  1.42931e-01
  3.80600e+03  1.45738e-01
  3.80700e+03  1.48583e-01
  3.80800e+03  1.51464e-01
  3.80900e+03  1.54382e-01
  3.81000e+03  1.57335e-01
  3.81100e+03  1.60324e-01
  3.81200e+03  1.63347e-01
  3.81300e+03  1.66406e-01
  3.81400e+03  1.69498e-01
  3.81500e+03  1.72624e-01
  3.81600e+03  1.75783e-01
  3.81700e+03  1.78976e-01
  3.81800e+03  1.82201e-01
  3.81900e+03  1.85458e-01
  3.82000e+03  1.88746e-01
  3.82100e+03  1.92066e-01
  3.82200e+03  1.95417e-01
  3.82300e+03  1.98799e-01
  3.82400e+03  2.02211e-01
  3.82500e+03  2.05652e-01
  3.82600e+03  2.09123e-01
  3.82700e+03  2.12622e-01
  3.82800e+03  2.16150e-01
  3.82900e+03  2.19706e-01
  3.83000e+03  2.23290e-01
  3.83100e+03  2.26901e-01
  3.83200e+03  2.30539e-01
  3.83300e+03  2.34203e-01
  3.83400e+03  2.37893e-01
  3.83500e+03  2.41609e-01
  3.83600e+03  2.45351e-01
  3.83700e+03  2.49117e-01
  3.83800e+03  2.52907e-01
  3.83900e+03  2.56722e-01
  3.84000e+03  2.60560e-01
  3.84100e+03  2.64422e-01
  3.84200e+03  2.68306e-01
  3.84300e+03  2.72213e-01
  3.84400e+03  2.76141e-01
  3.84500e+03  2.80092e-01
  3.84600e+03  2.84063e-01
  3.84700e+03  2.88056e-01
  3.84800e+03  2.92068e-01
  3.84900e+03  2.96101e-01
  3.85000e+03  3.00153e-01
  3.85100e+03  3.04224e-01
  3.85200e+03  3.08315e-01
  3.85300e+03  3.12423e-01
  3.85400e+03  3.16550e-01
  3.85500e+03  3.20694e-01
  3.85600e+03  3.24855e-01
  3.85700e+03  3.29033e-01
  3.85800e+03  3.33227e-01
  3.85900e+03  3.37437e-01
  3.86000e+03  3.41663e-01
  3.86100e+03  3.45904e-01
  3.86200e+03  3.50160e-01
  3.86300e+03  3.54430e-01
  3.86400e+03  3.58713e-01
  3.86500e+03  3.63011e-01
  3.86600e+03  3.67321e-01
  3.86700e+03  3.71644e-01
  3.86800e+03  3.75980e-01
  3.86900e+03  3.80327e-01
  3.87000e+03  3.84686e-01
  3.87100e+03  3.89055e-01
  3.87200e+03  3.93436e-01
  3.87300e+03  3.97827e-01
  3.87400e+03  4.02227e-01
  3.87500e+03  4.06637e-01
  3.87600e+03  4.11056e-01
  3.87700e+03  4.15484e-01
  3.87800e+03  4.19920e-01
  3.87900e+03  4.24364e-01
  3.88000e+03  4.28815e-01
  3.88100e+03  4.33274e-01
  3.88200e+03  4.37739e-01
  3.88300e+03  4.42210e-01
  3.88400e+03  4.46687e-01
  3.88500e+03  4.51169e-01
  3.88600e+03  4.55656e-01
  3.88700e+03  4.60148e-01
  3.88800e+03  4.64644e-01
  3.88900e+03  4.69144e-01
  3.89000e+03  4.73648e-01
  3.89100e+03  4.78154e-01
  3.89200e+03  4.82662e-01
  3.89300e+03  4.87174e-01
  3.89400e+03  4.91686e-01
  3.89500e+03  4.96200e-01
  3.89600e+03  5.00716e-01
  3.89700e+03  5.05231e-01
  3.89800e+03  5.09747e-01
  3.89900e+03  5.14262e-01
  3.90000e+03  5.18777e-01
  3.90100e+03  5.23291e-01
  3.90200e+03  5.27803e-01
  3.90300e+03  5.32313e-01
  3.90400e+03  5.36821e-01
  3.90500e+03  5.41327e-01
  3.90600e+03  5.45829e-01
  3.90700e+03  5.50328e-01
  3.90800e+03  5.54823e-01
  3.90900e+03  5.59313e-01
  3.91000e+03  5.63799e-01
  3.91100e+03  5.68280e-01
  3.91200e+03  5.72755e-01
  3.91300e+03  5.77225e-01
  3.91400e+03  5.81687e-01
  3.91500e+03  5.86143e-01
  3.91600e+03  5.90592e-01
  3.91700e+03  5.95034e-01
  3.91800e+03  5.99468e-01
  3.91900e+03  6.03893e-01
  3.92000e+03  6.08309e-01
  3.92100e+03  6.12716e-01
  3.92200e+03  6.17114e-01
  3.92300e+03  6.21501e-01
  3.92400e+03  6.25879e-01
  3.92500e+03  6.30245e-01
  3.92600e+03  6.34600e-01
  3.92700e+03  6.38944e-01
  3.92800e+03  6.43275e-01
  3.92900e+03  6.47595e-01
  3.93000e+03  6.51901e-01
  3.93100e+03  6.56194e-01
  3.93200e+03  6.60474e-01
  3.93300e+03  6.64739e-01
  3.93400e+03  6.68990e-01
  3.93500e+03  6.73227e-01
  3.93600e+03  6.77448e-01
  3.93700e+03  6.81653e-01
  3.93800e+03  6.85842e-01
  3.93900e+03  6.90015e-01
  3.94000e+03  6.94171e-01
  3.94100e+03  6.98310e-01
  3.94200e+03  7.02431e-01
  3.94300e+03  7.06534e-01
  3.94400e+03  7.10618e-01
  3.94500e+03  7.14684e-01
  3.94600e+03  7.18730e-01
  3.94700e+03  7.22757e-01
  3.94800e+03  7.26763e-01
  3.94900e+03  7.30749e-01
  3.95000e+03  7.34714e-01
  3.95100e+03  7.38657e-01
  3.95200e+03  7.42579e-01
  3.95300e+03  7.46479e-01
  3.95400e+03  7.50356e-01
  3.95500e+03  7.54211e-01
  3.95600e+03  7.58042e-01
  3.95700e+03  7.61849e-01
  3.95800e+03  7.65632e-01
  3.95900e+03  7.69390e-01
  3.96000e+03  7.73124e-01
  3.96100e+03  7.76832e-01
  3.96200e+03  7.80515e-01
  3.96300e+03  7.84171e-01
  3.96400e+03  7.87800e-01
  3.96500e+03  7.91403e-01
  3.96600e+03  7.94978e-01
  3.96700e+03  7.98526e-01
  3.96800e+03  8.02045e-01
  3.96900e+03  8.05535e-01
  3.97000e+03  8.08997e-01
  3.97100e+03  8.12429e-01
  3.97200e+03  8.15832e-01
  3.97300e+03  8.19204e-01
  3.97400e+03  8.22545e-01
  3.97500e+03  8.25856e-01
  3.97600e+03  8.29135e-01
  3.97700e+03  8.32382e-01
  3.97800e+03  8.35596e-01
  3.97900e+03  8.38779e-01
  3.98000e+03  8.41928e-01
  3.98100e+03  8.45044e-01
  3.98200e+03  8.48125e-01
  3.98300e+03  8.51173e-01
  3.98400e+03  8.54186e-01
  3.98500e+03  8.57164e-01
  3.98600e+03  8.60106e-01
  3.98700e+03  8.63012e-01
  3.98800e+03  8.65882e-01
  3.98900e+03  8.68716e-01
  3.99000e+03  8.71512e-01
  3.99100e+03  8.74270e-01
  3.99200e+03  8.76991e-01
  3.99300e+03  8.79674e-01
  3.99400e+03  8.82317e-01
  3.99500e+03  8.84922e-01
  3.99600e+03  8.87487e-01
  3.99700e+03  8.90012e-01
  3.99800e+03  8.92496e-01
  3.99900e+03  8.94941e-01
  4.00000e+03  8.97343e-01
  4.00100e+03  8.99705e-01
  4.00200e+03  9.02025e-01
  4.00300e+03  9.04304e-01
  4.00400e+03  9.06543e-01
  4.00500e+03  9.08742e-01
  4.00600e+03  9.10902e-01
  4.00700e+03  9.13023e-01
  4.00800e+03  9.15104e-01
  4.00900e+03  9.17148e-01
  4.01000e+03  9.19153e-01
  4.01100e+03  9.21121e-01
  4.01200e+03  9.23052e-01
  4.01300e+03  9.24946e-01
  4.01400e+03  9.26804e-01
  4.01500e+03  9.28626e-01
  4.01600e+03  9.30412e-01
  4.01700e+03  9.32164e-01
  4.01800e+03  9.33880e-01
  4.01900e+03  9.35563e-01
  4.02000e+03  9.37211e-01
  4.02100e+03  9.38826e-01
  4.02200e+03  9.40408e-01
  4.02300e+03  9.41958e-01
  4.02400e+03  9.43475e-01
  4.02500e+03  9.44960e-01
  4.02600e+03  9.46414e-01
  4.02700e+03  9.47837e-01
  4.02800e+03  9.49229e-01
  4.02900e+03  9.50591e-01
  4.03000e+03  9.51924e-01
  4.03100e+03  9.53227e-01
  4.03200e+03  9.54501e-01
  4.03300e+03  9.55746e-01
  4.03400e+03  9.56963e-01
  4.03500e+03  9.58152e-01
  4.03600e+03  9.59314e-01
  4.03700e+03  9.60449e-01
  4.03800e+03  9.61557e-01
  4.03900e+03  9.62640e-01
  4.04000e+03  9.63696e-01
  4.04100e+03  9.64727e-01
  4.04200e+03  9.65734e-01
  4.04300e+03  9.66715e-01
  4.04400e+03  9.67673e-01
  4.04500e+03  9.68607e-01
  4.04600e+03  9.69517e-01
  4.04700e+03  9.70405e-01
  4.04800e+03  9.71270e-01
  4.04900e+03  9.72113e-01
  4.05000e+03  9.72934e-01
  4.05100e+03  9.73734e-01
  4.05200e+03  9.74513e-01
  4.05300e+03  9.75272e-01
  4.05400e+03  9.76011e-01
  4.05500e+03  9.76729e-01
  4.05600e+03  9.77429e-01
  4.05700e+03  9.78110e-01
  4.05800e+03  9.78772e-01
  4.05900e+03  9.79417e-01
  4.06000e+03  9.80043e-01
  4.06100e+03  9.80653e-01
  4.06200e+03  9.81246e-01
  4.06300e+03  9.81822e-01
  4.06400e+03  9.82382e-01
  4.06500e+03  9.82926e-01
  4.06600e+03  9.83456e-01
  4.06700e+03  9.83971e-01
  4.06800e+03  9.84471e-01
  4.06900e+03  9.84957e-01
  4.07000e+03  9.85430e-01
  4.07100e+03  9.85889e-01
  4.07200e+03  9.86336e-01
  4.07300e+03  9.86770e-01
  4.07400e+03  9.87192e-01
  4.07500e+03  9.87603e-01
  4.07600e+03  9.88003e-01
  4.07700e+03  9.88392e-01
  4.07800e+03  9.88770e-01
  4.07900e+03  9.89139e-01
  4.08000e+03  9.89498e-01
  4.08100e+03  9.89848e-01
  4.08200e+03  9.90190e-01
  4.08300e+03  9.90523e-01
  4.08400e+03  9.90847e-01
  4.08500e+03  9.91165e-01
  4.08600e+03  9.91476e-01
  4.08700e+03  9.91780e-01
  4.08800e+03  9.92077e-01
  4.08900e+03  9.92369e-01
  4.09000e+03  9.92655e-01
  4.09100e+03  9.92936e-01
  4.09200e+03  9.93213e-01
  4.09300e+03  9.93485e-01
  4.09400e+03  9.93753e-01
  4.09500e+03  9.94019e-01
  4.09600e+03  9.94280e-01
  4.09700e+03  9.94539e-01
  4.09800e+03  9.94795e-01
  4.09900e+03  9.95047e-01
  4.10000e+03  9.95297e-01
  4.10100e+03  9.95543e-01
  4.10200e+03  9.95786e-01
  4.10300e+03  9.96026e-01
  4.10400e+03  9.96263e-01
  4.10500e+03  9.96496e-01
  4.10600e+03  9.96727e-01
  4.10700e+03  9.96955e-01
  4.10800e+03  9.97179e-01
  4.10900e+03  9.97401e-01
  4.11000e+03  9.97619e-01
  4.11100e+03  9.97835e-01
  4.11200e+03  9.98047e-01
  4.11300e+03  9.98256e-01
  4.11400e+03  9.98462e-01
  4.11500e+03  9.98665e-01
  4.11600e+03  9.98865e-01
  4.11700e+03  9.99062e-01
  4.11800e+03  9.99256e-01
  4.11900e+03  9.99446e-01
  4.12000e+03  9.99634e-01
  4.12100e+03  9.99819e-01
  4.12200e+03  1.00000e+00
  4.12300e+03  1.00018e+00
  4.12400e+03  1.00035e+00
  4.12500e+03  1.00053e+00
  4.12600e+03  1.00070e+00
  4.12700e+03  1.00086e+00
  4.12800e+03  1.00103e+00
  4.12900e+03  1.00119e+00
  4.13000e+03  1.00134e+00
  4.13100e+03  1.00150e+00
  4.13200e+03  1.00165e+00
  4.13300e+03  1.00180e+00
  4.13400e+03  1.00194e+00
  4.13500e+03  1.00208e+00
  4.13600e+03  1.00222e+00
  4.13700e+03  1.00236e+00
  4.13800e+03  1.00249e+00
  4.13900e+03  1.00262e+00
  4.14000e+03  1.00275e+00
  4.14100e+03  1.00288e+00
  4.14200e+03  1.00300e+00
  4.14300e+03  1.00311e+00
  4.14400e+03  1.00323e+00
  4.14500e+03  1.00334e+00
  4.14600e+03  1.00345e+00
  4.14700e+03  1.00356e+00
  4.14800e+03  1.00366e+00
  4.14900e+03  1.00376e+00
  4.15000e+03  1.00386e+00
  4.15100e+03  1.00395e+00
  4.15200e+03  1.00405e+00
  4.15300e+03  1.00413e+00
  4.15400e+03  1.00422e+00
  4.15500e+03  1.00430e+00
  4.15600e+03  1.00438e+00
  4.15700e+03  1.00446e+00
  4.15800e+03  1.00453e+00
  4.15900e+03  1.00460e+00
  4.16000e+03  1.00467e+00
  4.16100e+03  1.00474e+00
  4.16200e+03  1.00480e+00
  4.16300e+03  1.00486e+00
  4.16400e+03  1.00491e+00
  4.16500e+03  1.00497e+00
  4.16600e+03  1.00502e+00
  4.16700e+03  1.00506e+00
  4.16800e+03  1.00511e+00
  4.16900e+03  1.00515e+00
  4.17000e+03  1.00519e+00
  4.17100e+03  1.00522e+00
  4.17200e+03  1.00526e+00
  4.17300e+03  1.00529e+00
  4.17400e+03  1.00532e+00
  4.17500e+03  1.00534e+00
  4.17600e+03  1.00536e+00
  4.17700e+03  1.00538e+00
  4.17800e+03  1.00539e+00
  4.17900e+03  1.00541e+00
  4.18000e+03  1.00542e+00
  4.18100e+03  1.00542e+00
  4.18200e+03  1.00543e+00
  4.18300e+03  1.00543e+00
  4.18400e+03  1.00543e+00
  4.18500e+03  1.00542e+00
  4.18600e+03  1.00542e+00
  4.18700e+03  1.00540e+00
  4.18800e+03  1.00539e+00
  4.18900e+03  1.00538e+00
  4.19000e+03  1.00536e+00
  4.19100e+03  1.00534e+00
  4.19200e+03  1.00531e+00
  4.19300e+03  1.00528e+00
  4.19400e+03  1.00525e+00
  4.19500e+03  1.00522e+00
  4.19600e+03  1.00518e+00
  4.19700e+03  1.00515e+00
  4.19800e+03  1.00510e+00
  4.19900e+03  1.00506e+00
  4.20000e+03  1.00501e+00
  4.20100e+03  1.00496e+00
  4.20200e+03  1.00491e+00
  4.20300e+03  1.00485e+00
  4.20400e+03  1.00480e+00
  4.20500e+03  1.00473e+00
  4.20600e+03  1.00467e+00
  4.20700e+03  1.00460e+00
  4.20800e+03  1.00453e+00
  4.20900e+03  1.00446e+00
  4.21000e+03  1.00439e+00
  4.21100e+03  1.00431e+00
  4.21200e+03  1.00423e+00
  4.21300e+03  1.00414e+00
  4.21400e+03  1.00406e+00
  4.21500e+03  1.00397e+00
  4.21600e+03  1.00388e+00
  4.21700e+03  1.00378e+00
  4.21800e+03  1.00368e+00
  4.21900e+03  1.00358e+00
  4.22000e+03  1.00348e+00
  4.22100e+03  1.00338e+00
  4.22200e+03  1.00327e+00
  4.22300e+03  1.00316e+00
  4.22400e+03  1.00304e+00
  4.22500e+03  1.00292e+00
  4.22600e+03  1.00281e+00
  4.22700e+03  1.00268e+00
  4.22800e+03  1.00256e+00
  4.22900e+03  1.00243e+00
  4.23000e+03  1.00230e+00
  4.23100e+03  1.00217e+00
  4.23200e+03  1.00203e+00
  4.23300e+03  1.00189e+00
  4.23400e+03  1.00175e+00
  4.23500e+03  1.00161e+00
  4.23600e+03  1.00146e+00
  4.23700e+03  1.00131e+00
  4.23800e+03  1.00116e+00
  4.23900e+03  1.00100e+00
  4.24000e+03  1.00085e+00
  4.24100e+03  1.00069e+00
  4.24200e+03  1.00052e+00
  4.24300e+03  1.00036e+00
  4.24400e+03  1.00019e+00
  4.24500e+03  1.00002e+00
  4.24600e+03  9.99844e-01
  4.24700e+03  9.99667e-01
  4.24800e+03  9.99488e-01
  4.24900e+03  9.99306e-01
  4.25000e+03  9.99122e-01
  4.25100e+03  9.98934e-01
  4.25200e+03  9.98745e-01
  4.25300e+03  9.98552e-01
  4.25400e+03  9.98357e-01
  4.25500e+03  9.98159e-01
  4.25600e+03  9.97959e-01
  4.25700e+03  9.97756e-01
  4.25800e+03  9.97550e-01
  4.25900e+03  9.97342e-01
  4.26000e+03  9.97131e-01
  4.26100e+03  9.96917e-01
  4.26200e+03  9.96700e-01
  4.26300e+03  9.96481e-01
  4.26400e+03  9.96260e-01
  4.26500e+03  9.96035e-01
  4.26600e+03  9.95809e-01
  4.26700e+03  9.95579e-01
  4.26800e+03  9.95347e-01
  4.26900e+03  9.95112e-01
  4.27000e+03  9.94875e-01
  4.27100e+03  9.94635e-01
  4.27200e+03  9.94392e-01
  4.27300e+03  9.94147e-01
  4.27400e+03  9.93899e-01
  4.27500e+03  9.93649e-01
  4.27600e+03  9.93396e-01
  4.27700e+03  9.93141e-01
  4.27800e+03  9.92882e-01
  4.27900e+03  9.92622e-01
  4.28000e+03  9.92358e-01
  4.28100e+03  9.92092e-01
  4.28200e+03  9.91824e-01
  4.28300e+03  9.91553e-01
  4.28400e+03  9.91279e-01
  4.28500e+03  9.91003e-01
  4.28600e+03  9.90724e-01
  4.28700e+03  9.90443e-01
  4.28800e+03  9.90159e-01
  4.28900e+03  9.89872e-01
  4.29000e+03  9.89583e-01
  4.29100e+03  9.89292e-01
  4.29200e+03  9.88997e-01
  4.29300e+03  9.88701e-01
  4.29400e+03  9.88402e-01
  4.29500e+03  9.88100e-01
  4.29600e+03  9.87795e-01
  4.29700e+03  9.87489e-01
  4.29800e+03  9.87179e-01
  4.29900e+03  9.86867e-01
  4.30000e+03  9.86553e-01
  4.30100e+03  9.86236e-01
  4.30200e+03  9.85917e-01
  4.30300e+03  9.85595e-01
  4.30400e+03  9.85270e-01
  4.30500e+03  9.84943e-01
  4.30600e+03  9.84613e-01
  4.30700e+03  9.84281e-01
  4.30800e+03  9.83946e-01
  4.30900e+03  9.83609e-01
  4.31000e+03  9.83270e-01
  4.31100e+03  9.82928e-01
  4.31200e+03  9.82583e-01
  4.31300e+03  9.82236e-01
  4.31400e+03  9.81887e-01
  4.31500e+03  9.81534e-01
  4.31600e+03  9.81180e-01
  4.31700e+03  9.80823e-01
  4.31800e+03  9.80464e-01
  4.31900e+03  9.80102e-01
  4.32000e+03  9.79737e-01
  4.32100e+03  9.79370e-01
  4.32200e+03  9.79001e-01
  4.32300e+03  9.78629e-01
  4.32400e+03  9.78255e-01
  4.32500e+03  9.77878e-01
  4.32600e+03  9.77499e-01
  4.32700e+03  9.77118e-01
  4.32800e+03  9.76734e-01
  4.32900e+03  9.76347e-01
  4.33000e+03  9.75958e-01
  4.33100e+03  9.75567e-01
  4.33200e+03  9.75173e-01
  4.33300e+03  9.74777e-01
  4.33400e+03  9.74378e-01
  4.33500e+03  9.73977e-01
  4.33600e+03  9.73574e-01
  4.33700e+03  9.73168e-01
  4.33800e+03  9.72759e-01
  4.33900e+03  9.72348e-01
  4.34000e+03  9.71935e-01
  4.34100e+03  9.71520e-01
  4.34200e+03  9.71102e-01
  4.34300e+03  9.70681e-01
  4.34400e+03  9.70258e-01
  4.34500e+03  9.69833e-01
  4.34600e+03  9.69406e-01
  4.34700e+03  9.68976e-01
  4.34800e+03  9.68543e-01
  4.34900e+03  9.68109e-01
  4.35000e+03  9.67672e-01
  4.35100e+03  9.67232e-01
  4.35200e+03  9.66790e-01
  4.35300e+03  9.66346e-01
  4.35400e+03  9.65899e-01
  4.35500e+03  9.65451e-01
  4.35600e+03  9.64999e-01
  4.35700e+03  9.64545e-01
  4.35800e+03  9.64089e-01
  4.35900e+03  9.63631e-01
  4.36000e+03  9.63170e-01
  4.36100e+03  9.62707e-01
  4.36200e+03  9.62242e-01
  4.36300e+03  9.61774e-01
  4.36400e+03  9.61304e-01
  4.36500e+03  9.60831e-01
  4.36600e+03  9.60356e-01
  4.36700e+03  9.59879e-01
  4.36800e+03  9.59399e-01
  4.36900e+03  9.58918e-01
  4.37000e+03  9.58433e-01
  4.37100e+03  9.57947e-01
  4.37200e+03  9.57458e-01
  4.37300e+03  9.56967e-01
  4.37400e+03  9.56474e-01
  4.37500e+03  9.55978e-01
  4.37600e+03  9.55480e-01
  4.37700e+03  9.54980e-01
  4.37800e+03  9.54477e-01
  4.37900e+03  9.53972e-01
  4.38000e+03  9.53465e-01
  4.38100e+03  9.52955e-01
  4.38200e+03  9.52444e-01
  4.38300e+03  9.51930e-01
  4.38400e+03  9.51413e-01
  4.38500e+03  9.50895e-01
  4.38600e+03  9.50374e-01
  4.38700e+03  9.49851e-01
  4.38800e+03  9.49325e-01
  4.38900e+03  9.48798e-01
  4.39000e+03  9.48267e-01
  4.39100e+03  9.47735e-01
  4.39200e+03  9.47201e-01
  4.39300e+03  9.46664e-01
  4.39400e+03  9.46125e-01
  4.39500e+03  9.45584e-01
  4.39600e+03  9.45040e-01
  4.39700e+03  9.44494e-01
  4.39800e+03  9.43947e-01
  4.39900e+03  9.43396e-01
  4.40000e+03  9.42844e-01
  4.40100e+03  9.42289e-01
  4.40200e+03  9.41732e-01
  4.40300e+03  9.41173e-01
  4.40400e+03  9.40611e-01
  4.40500e+03  9.40048e-01
  4.40600e+03  9.39482e-01
  4.40700e+03  9.38914e-01
  4.40800e+03  9.38344e-01
  4.40900e+03  9.37771e-01
  4.41000e+03  9.37197e-01
  4.41100e+03  9.36620e-01
  4.41200e+03  9.36041e-01
  4.41300e+03  9.35459e-01
  4.41400e+03  9.34876e-01
  4.41500e+03  9.34291e-01
  4.41600e+03  9.33703e-01
  4.41700e+03  9.33113e-01
  4.41800e+03  9.32520e-01
  4.41900e+03  9.31926e-01
  4.42000e+03  9.31329e-01
  4.42100e+03  9.30731e-01
  4.42200e+03  9.30130e-01
  4.42300e+03  9.29527e-01
  4.42400e+03  9.28922e-01
  4.42500e+03  9.28314e-01
  4.42600e+03  9.27704e-01
  4.42700e+03  9.27093e-01
  4.42800e+03  9.26479e-01
  4.42900e+03  9.25863e-01
  4.43000e+03  9.25245e-01
  4.43100e+03  9.24625e-01
  4.43200e+03  9.24002e-01
  4.43300e+03  9.23378e-01
  4.43400e+03  9.22751e-01
  4.43500e+03  9.22122e-01
  4.43600e+03  9.21491e-01
  4.43700e+03  9.20858e-01
  4.43800e+03  9.20223e-01
  4.43900e+03  9.19585e-01
  4.44000e+03  9.18946e-01
  4.44100e+03  9.18304e-01
  4.44200e+03  9.17660e-01
  4.44300e+03  9.17015e-01
  4.44400e+03  9.16367e-01
  4.44500e+03  9.15717e-01
  4.44600e+03  9.15064e-01
  4.44700e+03  9.14410e-01
  4.44800e+03  9.13754e-01
  4.44900e+03  9.13095e-01
  4.45000e+03  9.12435e-01
  4.45100e+03  9.11772e-01
  4.45200e+03  9.11108e-01
  4.45300e+03  9.10441e-01
  4.45400e+03  9.09772e-01
  4.45500e+03  9.09101e-01
  4.45600e+03  9.08428e-01
  4.45700e+03  9.07753e-01
  4.45800e+03  9.07076e-01
  4.45900e+03  9.06397e-01
  4.46000e+03  9.05716e-01
  4.46100e+03  9.05032e-01
  4.46200e+03  9.04347e-01
  4.46300e+03  9.03660e-01
  4.46400e+03  9.02970e-01
  4.46500e+03  9.02279e-01
  4.46600e+03  9.01585e-01
  4.46700e+03  9.00890e-01
  4.46800e+03  9.00192e-01
  4.46900e+03  8.99492e-01
  4.47000e+03  8.98791e-01
  4.47100e+03  8.98087e-01
  4.47200e+03  8.97381e-01
  4.47300e+03  8.96674e-01
  4.47400e+03  8.95964e-01
  4.47500e+03  8.95252e-01
  4.47600e+03  8.94538e-01
  4.47700e+03  8.93822e-01
  4.47800e+03  8.93105e-01
  4.47900e+03  8.92385e-01
  4.48000e+03  8.91663e-01
  4.48100e+03  8.90939e-01
  4.48200e+03  8.90214e-01
  4.48300e+03  8.89486e-01
  4.48400e+03  8.88756e-01
  4.48500e+03  8.88024e-01
  4.48600e+03  8.87290e-01
  4.48700e+03  8.86555e-01
  4.48800e+03  8.85817e-01
  4.48900e+03  8.85077e-01
  4.49000e+03  8.84336e-01
  4.49100e+03  8.83592e-01
  4.49200e+03  8.82846e-01
  4.49300e+03  8.82099e-01
  4.49400e+03  8.81349e-01
  4.49500e+03  8.80598e-01
  4.49600e+03  8.79844e-01
  4.49700e+03  8.79089e-01
  4.49800e+03  8.78332e-01
  4.49900e+03  8.77572e-01
  4.50000e+03  8.76811e-01
  4.50100e+03  8.76048e-01
  4.50200e+03  8.75283e-01
  4.50300e+03  8.74516e-01
  4.50400e+03  8.73747e-01
  4.50500e+03  8.72976e-01
  4.50600e+03  8.72203e-01
  4.50700e+03  8.71428e-01
  4.50800e+03  8.70652e-01
  4.50900e+03  8.69873e-01
  4.51000e+03  8.69093e-01
  4.51100e+03  8.68310e-01
  4.51200e+03  8.67526e-01
  4.51300e+03  8.66740e-01
  4.51400e+03  8.65952e-01
  4.51500e+03  8.65162e-01
  4.51600e+03  8.64370e-01
  4.51700e+03  8.63576e-01
  4.51800e+03  8.62780e-01
  4.51900e+03  8.61983e-01
  4.52000e+03  8.61183e-01
  4.52100e+03  8.60382e-01
  4.52200e+03  8.59579e-01
  4.52300e+03  8.58774e-01
  4.52400e+03  8.57967e-01
  4.52500e+03  8.57158e-01
  4.52600e+03  8.56347e-01
  4.52700e+03  8.55534e-01
  4.52800e+03  8.54720e-01
  4.52900e+03  8.53904e-01
  4.53000e+03  8.53086e-01
  4.53100e+03  8.52266e-01
  4.53200e+03  8.51444e-01
  4.53300e+03  8.50620e-01
  4.53400e+03  8.49795e-01
  4.53500e+03  8.48967e-01
  4.53600e+03  8.48138e-01
  4.53700e+03  8.47307e-01
  4.53800e+03  8.46474e-01
  4.53900e+03  8.45640e-01
  4.54000e+03  8.44803e-01
  4.54100e+03  8.43965e-01
  4.54200e+03  8.43124e-01
  4.54300e+03  8.42282e-01
  4.54400e+03  8.41439e-01
  4.54500e+03  8.40593e-01
  4.54600e+03  8.39746e-01
  4.54700e+03  8.38896e-01
  4.54800e+03  8.38045e-01
  4.54900e+03  8.37193e-01
  4.55000e+03  8.36338e-01
  4.55100e+03  8.35481e-01
  4.55200e+03  8.34623e-01
  4.55300e+03  8.33763e-01
  4.55400e+03  8.32902e-01
  4.55500e+03  8.32038e-01
  4.55600e+03  8.31173e-01
  4.55700e+03  8.30305e-01
  4.55800e+03  8.29437e-01
  4.55900e+03  8.28566e-01
  4.56000e+03  8.27693e-01
  4.56100e+03  8.26819e-01
  4.56200e+03  8.25943e-01
  4.56300e+03  8.25066e-01
  4.56400e+03  8.24186e-01
  4.56500e+03  8.23305e-01
  4.56600e+03  8.22422e-01
  4.56700e+03  8.21537e-01
  4.56800e+03  8.20651e-01
  4.56900e+03  8.19763e-01
  4.57000e+03  8.18873e-01
  4.57100e+03  8.17981e-01
  4.57200e+03  8.17088e-01
  4.57300e+03  8.16193e-01
  4.57400e+03  8.15296e-01
  4.57500e+03  8.14397e-01
  4.57600e+03  8.13497e-01
  4.57700e+03  8.12595e-01
  4.57800e+03  8.11691e-01
  4.57900e+03  8.10786e-01
  4.58000e+03  8.09879e-01
  4.58100e+03  8.08970e-01
  4.58200e+03  8.08059e-01
  4.58300e+03  8.07147e-01
  4.58400e+03  8.06233e-01
  4.58500e+03  8.05317e-01
  4.58600e+03  8.04400e-01
  4.58700e+03  8.03481e-01
  4.58800e+03  8.02560e-01
  4.58900e+03  8.01638e-01
  4.59000e+03  8.00714e-01
  4.59100e+03  7.99788e-01
  4.59200e+03  7.98860e-01
  4.59300e+03  7.97931e-01
  4.59400e+03  7.97001e-01
  4.59500e+03  7.96068e-01
  4.59600e+03  7.95134e-01
  4.59700e+03  7.94198e-01
  4.59800e+03  7.93261e-01
  4.59900e+03  7.92322e-01
  4.60000e+03  7.91381e-01
  4.60100e+03  7.90439e-01
  4.60200e+03  7.89495e-01
  4.60300e+03  7.88549e-01
  4.60400e+03  7.87602e-01
  4.60500e+03  7.86653e-01
  4.60600e+03  7.85702e-01
  4.60700e+03  7.84750e-01
  4.60800e+03  7.83797e-01
  4.60900e+03  7.82841e-01
  4.61000e+03  7.81884e-01
  4.61100e+03  7.80926e-01
  4.61200e+03  7.79966e-01
  4.61300e+03  7.79004e-01
  4.61400e+03  7.78041e-01
  4.61500e+03  7.77076e-01
  4.61600e+03  7.76110e-01
  4.61700e+03  7.75142e-01
  4.61800e+03  7.74173e-01
  4.61900e+03  7.73202e-01
  4.62000e+03  7.72230e-01
  4.62100e+03  7.71255e-01
  4.62200e+03  7.70280e-01
  4.62300e+03  7.69303e-01
  4.62400e+03  7.68325e-01
  4.62500e+03  7.67344e-01
  4.62600e+03  7.66363e-01
  4.62700e+03  7.65380e-01
  4.62800e+03  7.64396e-01
  4.62900e+03  7.63410e-01
  4.63000e+03  7.62422e-01
  4.63100e+03  7.61433e-01
  4.63200e+03  7.60443e-01
  4.63300e+03  7.59452e-01
  4.63400e+03  7.58458e-01
  4.63500e+03  7.57464e-01
  4.63600e+03  7.56468e-01
  4.63700e+03  7.55470e-01
  4.63800e+03  7.54472e-01
  4.63900e+03  7.53471e-01
  4.64000e+03  7.52470e-01
  4.64100e+03  7.51467e-01
  4.64200e+03  7.50462e-01
  4.64300e+03  7.49457e-01
  4.64400e+03  7.48449e-01
  4.64500e+03  7.47441e-01
  4.64600e+03  7.46431e-01
  4.64700e+03  7.45419e-01
  4.64800e+03  7.44407e-01
  4.64900e+03  7.43393e-01
  4.65000e+03  7.42378e-01
  4.65100e+03  7.41361e-01
  4.65200e+03  7.40343e-01
  4.65300e+03  7.39323e-01
  4.65400e+03  7.38303e-01
  4.65500e+03  7.37281e-01
  4.65600e+03  7.36258e-01
  4.65700e+03  7.35233e-01
  4.65800e+03  7.34208e-01
  4.65900e+03  7.33181e-01
  4.66000e+03  7.32152e-01
  4.66100e+03  7.31123e-01
  4.66200e+03  7.30092e-01
  4.66300e+03  7.29060e-01
  4.66400e+03  7.28026e-01
  4.66500e+03  7.26992e-01
  4.66600e+03  7.25956e-01
  4.66700e+03  7.24919e-01
  4.66800e+03  7.23881e-01
  4.66900e+03  7.22841e-01
  4.67000e+03  7.21800e-01
  4.67100e+03  7.20758e-01
  4.67200e+03  7.19715e-01
  4.67300e+03  7.18671e-01
  4.67400e+03  7.17626e-01
  4.67500e+03  7.16579e-01
  4.67600e+03  7.15531e-01
  4.67700e+03  7.14482e-01
  4.67800e+03  7.13432e-01
  4.67900e+03  7.12381e-01
  4.68000e+03  7.11328e-01
  4.68100e+03  7.10275e-01
  4.68200e+03  7.09220e-01
  4.68300e+03  7.08164e-01
  4.68400e+03  7.07107e-01
  4.68500e+03  7.06049e-01
  4.68600e+03  7.04990e-01
  4.68700e+03  7.03929e-01
  4.68800e+03  7.02868e-01
  4.68900e+03  7.01805e-01
  4.69000e+03  7.00742e-01
  4.69100e+03  6.99677e-01
  4.69200e+03  6.98611e-01
  4.69300e+03  6.97545e-01
  4.69400e+03  6.96477e-01
  4.69500e+03  6.95408e-01
  4.69600e+03  6.94338e-01
  4.69700e+03  6.93267e-01
  4.69800e+03  6.92195e-01
  4.69900e+03  6.91122e-01
  4.70000e+03  6.90048e-01
  4.70100e+03  6.88973e-01
  4.70200e+03  6.87896e-01
  4.70300e+03  6.86820e-01
  4.70400e+03  6.85741e-01
  4.70500e+03  6.84662e-01
  4.70600e+03  6.83582e-01
  4.70700e+03  6.82501e-01
  4.70800e+03  6.81419e-01
  4.70900e+03  6.80336e-01
  4.71000e+03  6.79252e-01
  4.71100e+03  6.78167e-01
  4.71200e+03  6.77082e-01
  4.71300e+03  6.75995e-01
  4.71400e+03  6.74907e-01
  4.71500e+03  6.73819e-01
  4.71600e+03  6.72729e-01
  4.71700e+03  6.71639e-01
  4.71800e+03  6.70547e-01
  4.71900e+03  6.69455e-01
  4.72000e+03  6.68362e-01
  4.72100e+03  6.67268e-01
  4.72200e+03  6.66173e-01
  4.72300e+03  6.65077e-01
  4.72400e+03  6.63980e-01
  4.72500e+03  6.62883e-01
  4.72600e+03  6.61785e-01
  4.72700e+03  6.60686e-01
  4.72800e+03  6.59586e-01
  4.72900e+03  6.58485e-01
  4.73000e+03  6.57383e-01
  4.73100e+03  6.56280e-01
  4.73200e+03  6.55177e-01
  4.73300e+03  6.54073e-01
  4.73400e+03  6.52968e-01
  4.73500e+03  6.51862e-01
  4.73600e+03  6.50755e-01
  4.73700e+03  6.49648e-01
  4.73800e+03  6.48540e-01
  4.73900e+03  6.47431e-01
  4.74000e+03  6.46321e-01
  4.74100e+03  6.45211e-01
  4.74200e+03  6.44100e-01
  4.74300e+03  6.42988e-01
  4.74400e+03  6.41875e-01
  4.74500e+03  6.40762e-01
  4.74600e+03  6.39648e-01
  4.74700e+03  6.38533e-01
  4.74800e+03  6.37417e-01
  4.74900e+03  6.36301e-01
  4.75000e+03  6.35184e-01
  4.75100e+03  6.34066e-01
  4.75200e+03  6.32948e-01
  4.75300e+03  6.31829e-01
  4.75400e+03  6.30709e-01
  4.75500e+03  6.29589e-01
  4.75600e+03  6.28468e-01
  4.75700e+03  6.27346e-01
  4.75800e+03  6.26223e-01
  4.75900e+03  6.25100e-01
  4.76000e+03  6.23977e-01
  4.76100e+03  6.22852e-01
  4.76200e+03  6.21727e-01
  4.76300e+03  6.20602e-01
  4.76400e+03  6.19476e-01
  4.76500e+03  6.18349e-01
  4.76600e+03  6.17221e-01
  4.76700e+03  6.16093e-01
  4.76800e+03  6.14965e-01
  4.76900e+03  6.13836e-01
  4.77000e+03  6.12706e-01
  4.77100e+03  6.11576e-01
  4.77200e+03  6.10445e-01
  4.77300e+03  6.09313e-01
  4.77400e+03  6.08182e-01
  4.77500e+03  6.07049e-01
  4.77600e+03  6.05916e-01
  4.77700e+03  6.04782e-01
  4.77800e+03  6.03648e-01
  4.77900e+03  6.02514e-01
  4.78000e+03  6.01379e-01
  4.78100e+03  6.00243e-01
  4.78200e+03  5.99107e-01
  4.78300e+03  5.97970e-01
  4.78400e+03  5.96833e-01
  4.78500e+03  5.95695e-01
  4.78600e+03  5.94557e-01
  4.78700e+03  5.93419e-01
  4.78800e+03  5.92279e-01
  4.78900e+03  5.91140e-01
  4.79000e+03  5.90000e-01
  4.79100e+03  5.88860e-01
  4.79200e+03  5.87719e-01
  4.79300e+03  5.86578e-01
  4.79400e+03  5.85436e-01
  4.79500e+03  5.84294e-01
  4.79600e+03  5.83151e-01
  4.79700e+03  5.82008e-01
  4.79800e+03  5.80865e-01
  4.79900e+03  5.79721e-01
  4.80000e+03  5.78578e-01
  4.80100e+03  5.77433e-01
  4.80200e+03  5.76288e-01
  4.80300e+03  5.75143e-01
  4.80400e+03  5.73997e-01
  4.80500e+03  5.72851e-01
  4.80600e+03  5.71705e-01
  4.80700e+03  5.70559e-01
  4.80800e+03  5.69412e-01
  4.80900e+03  5.68264e-01
  4.81000e+03  5.67117e-01
  4.81100e+03  5.65969e-01
  4.81200e+03  5.64821e-01
  4.81300e+03  5.63672e-01
  4.81400e+03  5.62523e-01
  4.81500e+03  5.61374e-01
  4.81600e+03  5.60225e-01
  4.81700e+03  5.59075e-01
  4.81800e+03  5.57925e-01
  4.81900e+03  5.56775e-01
  4.82000e+03  5.55624e-01
  4.82100e+03  5.54474e-01
  4.82200e+03  5.53323e-01
  4.82300e+03  5.52171e-01
  4.82400e+03  5.51020e-01
  4.82500e+03  5.49868e-01
  4.82600e+03  5.48716e-01
  4.82700e+03  5.47564e-01
  4.82800e+03  5.46412e-01
  4.82900e+03  5.45259e-01
  4.83000e+03  5.44107e-01
  4.83100e+03  5.42954e-01
  4.83200e+03  5.41801e-01
  4.83300e+03  5.40647e-01
  4.83400e+03  5.39494e-01
  4.83500e+03  5.38340e-01
  4.83600e+03  5.37187e-01
  4.83700e+03  5.36033e-01
  4.83800e+03  5.34878e-01
  4.83900e+03  5.33724e-01
  4.84000e+03  5.32570e-01
  4.84100e+03  5.31415e-01
  4.84200e+03  5.30261e-01
  4.84300e+03  5.29106e-01
  4.84400e+03  5.27951e-01
  4.84500e+03  5.26796e-01
  4.84600e+03  5.25641e-01
  4.84700e+03  5.24486e-01
  4.84800e+03  5.23331e-01
  4.84900e+03  5.22176e-01
  4.85000e+03  5.21021e-01
  4.85100e+03  5.19865e-01
  4.85200e+03  5.18710e-01
  4.85300e+03  5.17554e-01
  4.85400e+03  5.16399e-01
  4.85500e+03  5.15243e-01
  4.85600e+03  5.14087e-01
  4.85700e+03  5.12932e-01
  4.85800e+03  5.11776e-01
  4.85900e+03  5.10620e-01
  4.86000e+03  5.09465e-01
  4.86100e+03  5.08309e-01
  4.86200e+03  5.07153e-01
  4.86300e+03  5.05998e-01
  4.86400e+03  5.04842e-01
  4.86500e+03  5.03686e-01
  4.86600e+03  5.02531e-01
  4.86700e+03  5.01375e-01
  4.86800e+03  5.00220e-01
  4.86900e+03  4.99064e-01
  4.87000e+03  4.97909e-01
  4.87100e+03  4.96754e-01
  4.87200e+03  4.95598e-01
  4.87300e+03  4.94443e-01
  4.87400e+03  4.93288e-01
  4.87500e+03  4.92133e-01
  4.87600e+03  4.90978e-01
  4.87700e+03  4.89823e-01
  4.87800e+03  4.88669e-01
  4.87900e+03  4.87514e-01
  4.88000e+03  4.86359e-01
  4.88100e+03  4.85205e-01
  4.88200e+03  4.84051e-01
  4.88300e+03  4.82897e-01
  4.88400e+03  4.81743e-01
  4.88500e+03  4.80589e-01
  4.88600e+03  4.79435e-01
  4.88700e+03  4.78282e-01
  4.88800e+03  4.77129e-01
  4.88900e+03  4.75976e-01
  4.89000e+03  4.74823e-01
  4.89100e+03  4.73670e-01
  4.89200e+03  4.72517e-01
  4.89300e+03  4.71365e-01
  4.89400e+03  4.70213e-01
  4.89500e+03  4.69061e-01
  4.89600e+03  4.67909e-01
  4.89700e+03  4.66758e-01
  4.89800e+03  4.65606e-01
  4.89900e+03  4.64455e-01
  4.90000e+03  4.63305e-01
  4.90100e+03  4.62154e-01
  4.90200e+03  4.61004e-01
  4.90300e+03  4.59854e-01
  4.90400e+03  4.58704e-01
  4.90500e+03  4.57555e-01
  4.90600e+03  4.56406e-01
  4.90700e+03  4.55257e-01
  4.90800e+03  4.54108e-01
  4.90900e+03  4.52960e-01
  4.91000e+03  4.51812e-01
  4.91100e+03  4.50665e-01
  4.91200e+03  4.49517e-01
  4.91300e+03  4.48370e-01
  4.91400e+03  4.47224e-01
  4.91500e+03  4.46077e-01
  4.91600e+03  4.44931e-01
  4.91700e+03  4.43786e-01
  4.91800e+03  4.42641e-01
  4.91900e+03  4.41496e-01
  4.92000e+03  4.40351e-01
  4.92100e+03  4.39207e-01
  4.92200e+03  4.38064e-01
  4.92300e+03  4.36920e-01
  4.92400e+03  4.35777e-01
  4.92500e+03  4.34635e-01
  4.92600e+03  4.33493e-01
  4.92700e+03  4.32351e-01
  4.92800e+03  4.31210e-01
  4.92900e+03  4.30069e-01
  4.93000e+03  4.28929e-01
  4.93100e+03  4.27788e-01
  4.93200e+03  4.26649e-01
  4.93300e+03  4.25510e-01
  4.93400e+03  4.24371e-01
  4.93500e+03  4.23233e-01
  4.93600e+03  4.22096e-01
  4.93700e+03  4.20958e-01
  4.93800e+03  4.19822e-01
  4.93900e+03  4.18686e-01
  4.94000e+03  4.17550e-01
  4.94100e+03  4.16415e-01
  4.94200e+03  4.15280e-01
  4.94300e+03  4.14146e-01
  4.94400e+03  4.13012e-01
  4.94500e+03  4.11879e-01
  4.94600e+03  4.10747e-01
  4.94700e+03  4.09615e-01
  4.94800e+03  4.08483e-01
  4.94900e+03  4.07352e-01
  4.95000e+03  4.06222e-01
  4.95100e+03  4.05092e-01
  4.95200e+03  4.03963e-01
  4.95300e+03  4.02835e-01
  4.95400e+03  4.01706e-01
  4.95500e+03  4.00579e-01
  4.95600e+03  3.99452e-01
  4.95700e+03  3.98326e-01
  4.95800e+03  3.97200e-01
  4.95900e+03  3.96075e-01
  4.96000e+03  3.94951e-01
  4.96100e+03  3.93827e-01
  4.96200e+03  3.92704e-01
  4.96300e+03  3.91582e-01
  4.96400e+03  3.90460e-01
  4.96500e+03  3.89339e-01
  4.96600e+03  3.88219e-01
  4.96700e+03  3.87099e-01
  4.96800e+03  3.85980e-01
  4.96900e+03  3.84861e-01
  4.97000e+03  3.83744e-01
  4.97100e+03  3.82626e-01
  4.97200e+03  3.81510e-01
  4.97300e+03  3.80395e-01
  4.97400e+03  3.79280e-01
  4.97500e+03  3.78165e-01
  4.97600e+03  3.77052e-01
  4.97700e+03  3.75939e-01
  4.97800e+03  3.74827e-01
  4.97900e+03  3.73716e-01
  4.98000e+03  3.72606e-01
  4.98100e+03  3.71496e-01
  4.98200e+03  3.70387e-01
  4.98300e+03  3.69279e-01
  4.98400e+03  3.68171e-01
  4.98500e+03  3.67065e-01
  4.98600e+03  3.65959e-01
  4.98700e+03  3.64854e-01
  4.98800e+03  3.63750e-01
  4.98900e+03  3.62646e-01
  4.99000e+03  3.61544e-01
  4.99100e+03  3.60442e-01
  4.99200e+03  3.59341e-01
  4.99300e+03  3.58241e-01
  4.99400e+03  3.57142e-01
  4.99500e+03  3.56043e-01
  4.99600e+03  3.54946e-01
  4.99700e+03  3.53849e-01
  4.99800e+03  3.52753e-01
  4.99900e+03  3.51658e-01
  5.00000e+03  3.50564e-01
  5.00100e+03  3.49471e-01
  5.00200e+03  3.48379e-01
  5.00300e+03  3.47287e-01
  5.00400e+03  3.46197e-01
  5.00500e+03  3.45107e-01
  5.00600e+03  3.44019e-01
  5.00700e+03  3.42931e-01
  5.00800e+03  3.41844e-01
  5.00900e+03  3.40758e-01
  5.01000e+03  3.39673e-01
  5.01100e+03  3.38589e-01
  5.01200e+03  3.37506e-01
  5.01300e+03  3.36424e-01
  5.01400e+03  3.35343e-01
  5.01500e+03  3.34263e-01
  5.01600e+03  3.33184e-01
  5.01700e+03  3.32106e-01
  5.01800e+03  3.31029e-01
  5.01900e+03  3.29952e-01
  5.02000e+03  3.28877e-01
  5.02100e+03  3.27803e-01
  5.02200e+03  3.26730e-01
  5.02300e+03  3.25658e-01
  5.02400e+03  3.24587e-01
  5.02500e+03  3.23517e-01
  5.02600e+03  3.22448e-01
  5.02700e+03  3.21380e-01
  5.02800e+03  3.20313e-01
  5.02900e+03  3.19247e-01
  5.03000e+03  3.18183e-01
  5.03100e+03  3.17119e-01
  5.03200e+03  3.16056e-01
  5.03300e+03  3.14995e-01
  5.03400e+03  3.13935e-01
  5.03500e+03  3.12875e-01
  5.03600e+03  3.11817e-01
  5.03700e+03  3.10760e-01
  5.03800e+03  3.09704e-01
  5.03900e+03  3.08649e-01
  5.04000e+03  3.07596e-01
  5.04100e+03  3.06543e-01
  5.04200e+03  3.05492e-01
  5.04300e+03  3.04442e-01
  5.04400e+03  3.03393e-01
  5.04500e+03  3.02345e-01
  5.04600e+03  3.01298e-01
  5.04700e+03  3.00252e-01
  5.04800e+03  2.99208e-01
  5.04900e+03  2.98165e-01
  5.05000e+03  2.97123e-01
  5.05100e+03  2.96082e-01
  5.05200e+03  2.95043e-01
  5.05300e+03  2.94004e-01
  5.05400e+03  2.92967e-01
  5.05500e+03  2.91931e-01
  5.05600e+03  2.90896e-01
  5.05700e+03  2.89863e-01
  5.05800e+03  2.88831e-01
  5.05900e+03  2.87800e-01
  5.06000e+03  2.86770e-01
  5.06100e+03  2.85742e-01
  5.06200e+03  2.84715e-01
  5.06300e+03  2.83689e-01
  5.06400e+03  2.82664e-01
  5.06500e+03  2.81641e-01
  5.06600e+03  2.80619e-01
  5.06700e+03  2.79599e-01
  5.06800e+03  2.78579e-01
  5.06900e+03  2.77561e-01
  5.07000e+03  2.76544e-01
  5.07100e+03  2.75529e-01
  5.07200e+03  2.74515e-01
  5.07300e+03  2.73502e-01
  5.07400e+03  2.72491e-01
  5.07500e+03  2.71481e-01
  5.07600e+03  2.70472e-01
  5.07700e+03  2.69465e-01
  5.07800e+03  2.68459e-01
  5.07900e+03  2.67455e-01
  5.08000e+03  2.66452e-01
  5.08100e+03  2.65450e-01
  5.08200e+03  2.64449e-01
  5.08300e+03  2.63451e-01
  5.08400e+03  2.62453e-01
  5.08500e+03  2.61457e-01
  5.08600e+03  2.60462e-01
  5.08700e+03  2.59469e-01
  5.08800e+03  2.58477e-01
  5.08900e+03  2.57487e-01
  5.09000e+03  2.56498e-01
  5.09100e+03  2.55511e-01
  5.09200e+03  2.54525e-01
  5.09300e+03  2.53540e-01
  5.09400e+03  2.52557e-01
  5.09500e+03  2.51575e-01
  5.09600e+03  2.50595e-01
  5.09700e+03  2.49617e-01
  5.09800e+03  2.48640e-01
  5.09900e+03  2.47664e-01
  5.10000e+03  2.46690e-01
  5.10100e+03  2.45718e-01
  5.10200e+03  2.44747e-01
  5.10300e+03  2.43777e-01
  5.10400e+03  2.42809e-01
  5.10500e+03  2.41843e-01
  5.10600e+03  2.40878e-01
  5.10700e+03  2.39915e-01
  5.10800e+03  2.38953e-01
  5.10900e+03  2.37993e-01
  5.11000e+03  2.37034e-01
  5.11100e+03  2.36077e-01
  5.11200e+03  2.35122e-01
  5.11300e+03  2.34168e-01
  5.11400e+03  2.33216e-01
  5.11500e+03  2.32265e-01
  5.11600e+03  2.31316e-01
  5.11700e+03  2.30369e-01
  5.11800e+03  2.29423e-01
  5.11900e+03  2.28479e-01
  5.12000e+03  2.27537e-01
  5.12100e+03  2.26596e-01
  5.12200e+03  2.25657e-01
  5.12300e+03  2.24719e-01
  5.12400e+03  2.23784e-01
  5.12500e+03  2.22849e-01
  5.12600e+03  2.21917e-01
  5.12700e+03  2.20986e-01
  5.12800e+03  2.20057e-01
  5.12900e+03  2.19130e-01
  5.13000e+03  2.18204e-01
  5.13100e+03  2.17280e-01
  5.13200e+03  2.16358e-01
  5.13300e+03  2.15437e-01
  5.13400e+03  2.14518e-01
  5.13500e+03  2.13601e-01
  5.13600e+03  2.12686e-01
  5.13700e+03  2.11772e-01
  5.13800e+03  2.10860e-01
  5.13900e+03  2.09950e-01
  5.14000e+03  2.09042e-01
  5.14100e+03  2.08136e-01
  5.14200e+03  2.07231e-01
  5.14300e+03  2.06328e-01
  5.14400e+03  2.05427e-01
  5.14500e+03  2.04527e-01
  5.14600e+03  2.03630e-01
  5.14700e+03  2.02734e-01
  5.14800e+03  2.01840e-01
  5.14900e+03  2.00948e-01
  5.15000e+03  2.00058e-01
  5.15100e+03  1.99169e-01
  5.15200e+03  1.98283e-01
  5.15300e+03  1.97398e-01
  5.15400e+03  1.96515e-01
  5.15500e+03  1.95634e-01
  5.15600e+03  1.94755e-01
  5.15700e+03  1.93877e-01
  5.15800e+03  1.93002e-01
  5.15900e+03  1.92129e-01
  5.16000e+03  1.91257e-01
  5.16100e+03  1.90387e-01
  5.16200e+03  1.89519e-01
  5.16300e+03  1.88653e-01
  5.16400e+03  1.87789e-01
  5.16500e+03  1.86927e-01
  5.16600e+03  1.86067e-01
  5.16700e+03  1.85209e-01
  5.16800e+03  1.84353e-01
  5.16900e+03  1.83498e-01
  5.17000e+03  1.82646e-01
  5.17100e+03  1.81796e-01
  5.17200e+03  1.80947e-01
  5.17300e+03  1.80101e-01
  5.17400e+03  1.79256e-01
  5.17500e+03  1.78414e-01
  5.17600e+03  1.77573e-01
  5.17700e+03  1.76735e-01
  5.17800e+03  1.75899e-01
  5.17900e+03  1.75064e-01
  5.18000e+03  1.74232e-01
  5.18100e+03  1.73401e-01
  5.18200e+03  1.72573e-01
  5.18300e+03  1.71747e-01
  5.18400e+03  1.70922e-01
  5.18500e+03  1.70100e-01
  5.18600e+03  1.69280e-01
  5.18700e+03  1.68462e-01
  5.18800e+03  1.67646e-01
  5.18900e+03  1.66832e-01
  5.19000e+03  1.66020e-01
  5.19100e+03  1.65210e-01
  5.19200e+03  1.64402e-01
  5.19300e+03  1.63597e-01
  5.19400e+03  1.62793e-01
  5.19500e+03  1.61992e-01
  5.19600e+03  1.61193e-01
  5.19700e+03  1.60396e-01
  5.19800e+03  1.59601e-01
  5.19900e+03  1.58808e-01
  5.20000e+03  1.58017e-01
  5.20100e+03  1.57229e-01
  5.20200e+03  1.56442e-01
  5.20300e+03  1.55658e-01
  5.20400e+03  1.54876e-01
  5.20500e+03  1.54096e-01
  5.20600e+03  1.53318e-01
  5.20700e+03  1.52543e-01
  5.20800e+03  1.51769e-01
  5.20900e+03  1.50998e-01
  5.21000e+03  1.50229e-01
  5.21100e+03  1.49461e-01
  5.21200e+03  1.48696e-01
  5.21300e+03  1.47934e-01
  5.21400e+03  1.47173e-01
  5.21500e+03  1.46414e-01
  5.21600e+03  1.45658e-01
  5.21700e+03  1.44904e-01
  5.21800e+03  1.44151e-01
  5.21900e+03  1.43401e-01
  5.22000e+03  1.42653e-01
  5.22100e+03  1.41908e-01
  5.22200e+03  1.41164e-01
  5.22300e+03  1.40422e-01
  5.22400e+03  1.39683e-01
  5.22500e+03  1.38945e-01
  5.22600e+03  1.38210e-01
  5.22700e+03  1.37477e-01
  5.22800e+03  1.36746e-01
  5.22900e+03  1.36017e-01
  5.23000e+03  1.35290e-01
  5.23100e+03  1.34565e-01
  5.23200e+03  1.33843e-01
  5.23300e+03  1.33122e-01
  5.23400e+03  1.32404e-01
  5.23500e+03  1.31687e-01
  5.23600e+03  1.30973e-01
  5.23700e+03  1.30261e-01
  5.23800e+03  1.29551e-01
  5.23900e+03  1.28843e-01
  5.24000e+03  1.28137e-01
  5.24100e+03  1.27433e-01
  5.24200e+03  1.26731e-01
  5.24300e+03  1.26032e-01
  5.24400e+03  1.25334e-01
  5.24500e+03  1.24638e-01
  5.24600e+03  1.23945e-01
  5.24700e+03  1.23254e-01
  5.24800e+03  1.22564e-01
  5.24900e+03  1.21877e-01
  5.25000e+03  1.21192e-01
  5.25100e+03  1.20509e-01
  5.25200e+03  1.19828e-01
  5.25300e+03  1.19149e-01
  5.25400e+03  1.18472e-01
  5.25500e+03  1.17797e-01
  5.25600e+03  1.17124e-01
  5.25700e+03  1.16453e-01
  5.25800e+03  1.15785e-01
  5.25900e+03  1.15118e-01
  5.26000e+03  1.14453e-01
  5.26100e+03  1.13791e-01
  5.26200e+03  1.13130e-01
  5.26300e+03  1.12472e-01
  5.26400e+03  1.11815e-01
  5.26500e+03  1.11161e-01
  5.26600e+03  1.10509e-01
  5.26700e+03  1.09858e-01
  5.26800e+03  1.09210e-01
  5.26900e+03  1.08564e-01
  5.27000e+03  1.07920e-01
  5.27100e+03  1.07277e-01
  5.27200e+03  1.06637e-01
  5.27300e+03  1.05999e-01
  5.27400e+03  1.05363e-01
  5.27500e+03  1.04729e-01
  5.27600e+03  1.04097e-01
  5.27700e+03  1.03467e-01
  5.27800e+03  1.02839e-01
  5.27900e+03  1.02213e-01
  5.28000e+03  1.01589e-01
  5.28100e+03  1.00967e-01
  5.28200e+03  1.00347e-01
  5.28300e+03  9.97289e-02
  5.28400e+03  9.91129e-02
  5.28500e+03  9.84989e-02
  5.28600e+03  9.78870e-02
  5.28700e+03  9.72770e-02
  5.28800e+03  9.66691e-02
  5.28900e+03  9.60631e-02
  5.29000e+03  9.54592e-02
  5.29100e+03  9.48572e-02
  5.29200e+03  9.42572e-02
  5.29300e+03  9.36593e-02
  5.29400e+03  9.30632e-02
  5.29500e+03  9.24692e-02
  5.29600e+03  9.18772e-02
  5.29700e+03  9.12872e-02
  5.29800e+03  9.06991e-02
  5.29900e+03  9.01131e-02
  5.30000e+03  8.95290e-02
  5.30100e+03  8.89468e-02
  5.30200e+03  8.83667e-02
  5.30300e+03  8.77885e-02
  5.30400e+03  8.72123e-02
  5.30500e+03  8.66381e-02
  5.30600e+03  8.60658e-02
  5.30700e+03  8.54955e-02
  5.30800e+03  8.49272e-02
  5.30900e+03  8.43608e-02
  5.31000e+03  8.37964e-02
  5.31100e+03  8.32340e-02
  5.31200e+03  8.26734e-02
  5.31300e+03  8.21149e-02
  5.31400e+03  8.15583e-02
  5.31500e+03  8.10037e-02
  5.31600e+03  8.04510e-02
  5.31700e+03  7.99002e-02
  5.31800e+03  7.93514e-02
  5.31900e+03  7.88046e-02
  5.32000e+03  7.82597e-02
  5.32100e+03  7.77167e-02
  5.32200e+03  7.71757e-02
  5.32300e+03  7.66366e-02
  5.32400e+03  7.60995e-02
  5.32500e+03  7.55643e-02
  5.32600e+03  7.50310e-02
  5.32700e+03  7.44996e-02
  5.32800e+03  7.39702e-02
  5.32900e+03  7.34427e-02
  5.33000e+03  7.29171e-02
  5.33100e+03  7.23935e-02
  5.33200e+03  7.18717e-02
  5.33300e+03  7.13519e-02
  5.33400e+03  7.08340e-02
  5.33500e+03  7.03180e-02
  5.33600e+03  6.98040e-02
  5.33700e+03  6.92918e-02
  5.33800e+03  6.87816e-02
  5.33900e+03  6.82733e-02
  5.34000e+03  6.77669e-02
  5.34100e+03  6.72623e-02
  5.34200e+03  6.67597e-02
  5.34300e+03  6.62590e-02
  5.34400e+03  6.57602e-02
  5.34500e+03  6.52633e-02
  5.34600e+03  6.47683e-02
  5.34700e+03  6.42751e-02
  5.34800e+03  6.37839e-02
  5.34900e+03  6.32946e-02
  5.35000e+03  6.28072e-02
  5.35100e+03  6.23216e-02
  5.35200e+03  6.18379e-02
  5.35300e+03  6.13561e-02
  5.35400e+03  6.08762e-02
  5.35500e+03  6.03982e-02
  5.35600e+03  5.99221e-02
  5.35700e+03  5.94478e-02
  5.35800e+03  5.89754e-02
  5.35900e+03  5.85049e-02
  5.36000e+03  5.80362e-02
  5.36100e+03  5.75695e-02
  5.36200e+03  5.71046e-02
  5.36300e+03  5.66415e-02
  5.36400e+03  5.61803e-02
  5.36500e+03  5.57210e-02
  5.36600e+03  5.52636e-02
  5.36700e+03  5.48080e-02
  5.36800e+03  5.43542e-02
  5.36900e+03  5.39024e-02
  5.37000e+03  5.34523e-02
  5.37100e+03  5.30041e-02
  5.37200e+03  5.25578e-02
  5.37300e+03  5.21134e-02
  5.37400e+03  5.16707e-02
  5.37500e+03  5.12300e-02
  5.37600e+03  5.07910e-02
  5.37700e+03  5.03539e-02
  5.37800e+03  4.99187e-02
  5.37900e+03  4.94852e-02
  5.38000e+03  4.90537e-02
  5.38100e+03  4.86239e-02
  5.38200e+03  4.81960e-02
  5.38300e+03  4.77699e-02
  5.38400e+03  4.73457e-02
  5.38500e+03  4.69233e-02
  5.38600e+03  4.65026e-02
  5.38700e+03  4.60839e-02
  5.38800e+03  4.56669e-02
  5.38900e+03  4.52518e-02
  5.39000e+03  4.48385e-02
  5.39100e+03  4.44270e-02
  5.39200e+03  4.40173e-02
  5.39300e+03  4.36094e-02
  5.39400e+03  4.32034e-02
  5.39500e+03  4.27991e-02
  5.39600e+03  4.23967e-02
  5.39700e+03  4.19961e-02
  5.39800e+03  4.15973e-02
  5.39900e+03  4.12002e-02
  5.40000e+03  4.08050e-02
  5.40100e+03  4.04116e-02
  5.40200e+03  4.00200e-02
  5.40300e+03  3.96301e-02
  5.40400e+03  3.92421e-02
  5.40500e+03  3.88558e-02
  5.40600e+03  3.84714e-02
  5.40700e+03  3.80887e-02
  5.40800e+03  3.77079e-02
  5.40900e+03  3.73288e-02
  5.41000e+03  3.69514e-02
  5.41100e+03  3.65759e-02
  5.41200e+03  3.62022e-02
  5.41300e+03  3.58302e-02
  5.41400e+03  3.54600e-02
  5.41500e+03  3.50916e-02
  5.41600e+03  3.47249e-02
  5.41700e+03  3.43601e-02
  5.41800e+03  3.39970e-02
  5.41900e+03  3.36356e-02
  5.42000e+03  3.32761e-02
  5.42100e+03  3.29182e-02
  5.42200e+03  3.25622e-02
  5.42300e+03  3.22079e-02
  5.42400e+03  3.18554e-02
  5.42500e+03  3.15046e-02
  5.42600e+03  3.11556e-02
  5.42700e+03  3.08083e-02
  5.42800e+03  3.04628e-02
  5.42900e+03  3.01191e-02
  5.43000e+03  2.97770e-02
  5.43100e+03  2.94368e-02
  5.43200e+03  2.90983e-02
  5.43300e+03  2.87615e-02
  5.43400e+03  2.84264e-02
  5.43500e+03  2.80931e-02
  5.43600e+03  2.77616e-02
  5.43700e+03  2.74317e-02
  5.43800e+03  2.71036e-02
  5.43900e+03  2.67773e-02
  5.44000e+03  2.64526e-02
  5.44100e+03  2.61297e-02
  5.44200e+03  2.58086e-02
  5.44300e+03  2.54891e-02
  5.44400e+03  2.51714e-02
  5.44500e+03  2.48554e-02
  5.44600e+03  2.45411e-02
  5.44700e+03  2.42285e-02
  5.44800e+03  2.39177e-02
  5.44900e+03  2.36085e-02
  5.45000e+03  2.33011e-02
  5.45100e+03  2.29954e-02
  5.45200e+03  2.26914e-02
  5.45300e+03  2.23891e-02
  5.45400e+03  2.20885e-02
  5.45500e+03  2.17896e-02
  5.45600e+03  2.14924e-02
  5.45700e+03  2.11969e-02
  5.45800e+03  2.09031e-02
  5.45900e+03  2.06110e-02
  5.46000e+03  2.03206e-02
  5.46100e+03  2.00319e-02
  5.46200e+03  1.97449e-02
  5.46300e+03  1.94596e-02
  5.46400e+03  1.91759e-02
  5.46500e+03  1.88940e-02
  5.46600e+03  1.86137e-02
  5.46700e+03  1.83351e-02
  5.46800e+03  1.80582e-02
  5.46900e+03  1.77830e-02
  5.47000e+03  1.75094e-02
  5.47100e+03  1.72376e-02
  5.47200e+03  1.69674e-02
  5.47300e+03  1.66988e-02
  5.47400e+03  1.64320e-02
  5.47500e+03  1.61668e-02
  5.47600e+03  1.59033e-02
  5.47700e+03  1.56414e-02
  5.47800e+03  1.53812e-02
  5.47900e+03  1.51227e-02
  5.48000e+03  1.48658e-02
  5.48100e+03  1.46106e-02
  5.48200e+03  1.43570e-02
  5.48300e+03  1.41051e-02
  5.48400e+03  1.38549e-02
  5.48500e+03  1.36062e-02
  5.48600e+03  1.33593e-02
  5.48700e+03  1.31140e-02
  5.48800e+03  1.28703e-02
  5.48900e+03  1.26283e-02
  5.49000e+03  1.23879e-02
  5.49100e+03  1.21492e-02
  5.49200e+03  1.19121e-02
  5.49300e+03  1.16766e-02
  5.49400e+03  1.14428e-02
  5.49500e+03  1.12106e-02
  5.49600e+03  1.09800e-02
  5.49700e+03  1.07511e-02
  5.49800e+03  1.05238e-02
  5.49900e+03  1.02981e-02
  5.50000e+03  1.00740e-02
  5.50100e+03  9.85158e-03
  5.50200e+03  9.63076e-03
  5.50300e+03  9.41156e-03
  5.50400e+03  9.19398e-03
  5.50500e+03  8.97801e-03
  5.50600e+03  8.76366e-03
  5.50700e+03  8.55092e-03
  5.50800e+03  8.33979e-03
  5.50900e+03  8.13026e-03
  5.51000e+03  7.92234e-03
  5.51100e+03  7.71602e-03
  5.51200e+03  7.51131e-03
  5.51300e+03  7.30820e-03
  5.51400e+03  7.10669e-03
  5.51500e+03  6.90677e-03
  5.51600e+03  6.70846e-03
  5.51700e+03  6.51173e-03
  5.51800e+03  6.31660e-03
  5.51900e+03  6.12306e-03
  5.52000e+03  5.93110e-03
  5.52100e+03  5.74074e-03
  5.52200e+03  5.55195e-03
  5.52300e+03  5.36476e-03
  5.52400e+03  5.17914e-03
  5.52500e+03  4.99510e-03
  5.52600e+03  4.81264e-03
  5.52700e+03  4.63176e-03
  5.52800e+03  4.45245e-03
  5.52900e+03  4.27471e-03
  5.53000e+03  4.09854e-03
  5.53100e+03  3.92394e-03
  5.53200e+03  3.75091e-03
  5.53300e+03  3.57945e-03
  5.53400e+03  3.40955e-03
  5.53500e+03  3.24121e-03
  5.53600e+03  3.07444e-03
  5.53700e+03  2.90921e-03
  5.53800e+03  2.74555e-03
  5.53900e+03  2.58344e-03
  5.54000e+03  2.42288e-03
  5.54100e+03  2.26388e-03
  5.54200e+03  2.10642e-03
  5.54300e+03  1.95051e-03
  5.54400e+03  1.79616e-03
  5.54500e+03  1.64334e-03
  5.54600e+03  1.49206e-03
  5.54700e+03  1.34233e-03
  5.54800e+03  1.19414e-03
  5.54900e+03  1.04748e-03
  5.55000e+03  9.02351e-04
  5.55100e+03  7.58767e-04
  5.55200e+03  6.16708e-04
  5.55300e+03  4.76182e-04
  5.55400e+03  3.37183e-04
  5.55500e+03  1.99710e-04
  5.55600e+03  6.37645e-05
  5.55700e+03 -7.06577e-05
  5.55800e+03 -2.03563e-04
  5.55900e+03 -3.34948e-04
  5.56000e+03 -4.64816e-04
  5.56100e+03 -5.93163e-04
  5.56200e+03 -7.20001e-04
  5.56300e+03 -8.45324e-04
  5.56400e+03 -9.69136e-04
  5.56500e+03 -1.09144e-03
  5.56600e+03 -1.21224e-03
  5.56700e+03 -1.33153e-03
  5.56800e+03 -1.44932e-03
  5.56900e+03 -1.56561e-03
  5.57000e+03 -1.68039e-03
  5.57100e+03 -1.79368e-03
  5.57200e+03 -1.90547e-03
  5.57300e+03 -2.01577e-03
  5.57400e+03 -2.12458e-03
  5.57500e+03 -2.23189e-03
  5.57600e+03 -2.33771e-03
  5.57700e+03 -2.44205e-03
  5.57800e+03 -2.54490e-03
  5.57900e+03 -2.64627e-03
  5.58000e+03 -2.74616e-03
  5.58100e+03 -2.84456e-03
  5.58200e+03 -2.94149e-03
  5.58300e+03 -3.03693e-03
  5.58400e+03 -3.13091e-03
  5.58500e+03 -3.22341e-03
  5.58600e+03 -3.31444e-03
  5.58700e+03 -3.40399e-03
  5.58800e+03 -3.49209e-03
  5.58900e+03 -3.57871e-03
  5.59000e+03 -3.66387e-03
  5.59100e+03 -3.74757e-03
  5.59200e+03 -3.82981e-03
  5.59300e+03 -3.91058e-03
  5.59400e+03 -3.98990e-03
  5.59500e+03 -4.06777e-03
  5.59600e+03 -4.14417e-03
  5.59700e+03 -4.21913e-03
  5.59800e+03 -4.29264e-03
  5.59900e+03 -4.36470e-03
  5.60000e+03 -4.43532e-03
